# Time (seconds) Queue Size (bytes)
0.0208 1
0.0216 0
0.0416 1
0.0424 2
0.0424 3
0.0424 2
0.0432 1
0.044 0
0.0624 1
0.0632 0
0.0632 1
0.0632 2
0.064 1
0.064 2
0.064 3
0.0648 2
0.0648 3
0.0648 4
0.0656 3
0.0664 2
0.0672 1
0.068 0
0.0832 1
0.084 0
0.084 1
0.084 2
0.0848 1
0.0848 2
0.0848 3
0.0856 2
0.0856 3
0.0856 4
0.0864 3
0.0864 4
0.0864 5
0.0872 4
0.0872 5
0.0872 6
0.088 5
0.088 6
0.088 7
0.0888 6
0.0888 7
0.0888 8
0.0896 7
0.0904 6
0.0912 5
0.092 4
0.0928 3
0.0936 2
0.0944 1
0.0952 0
0.1248 1
0.1256 0
0.1256 1
0.1264 0
0.1264 1
0.1272 0
0.1272 1
0.128 0
0.128 1
0.1288 0
0.1288 1
0.1296 0
0.1296 1
0.1304 0
0.1304 1
0.1312 0
0.1312 1
0.132 0
0.132 1
0.1328 0
0.1328 1
0.1336 0
0.1336 1
0.1344 0
0.1344 1
0.1352 0
0.1352 1
0.136 0
0.136 1
0.1368 0
0.1368 1
0.1376 0
0.1464 1
0.1472 0
0.1472 1
0.148 0
0.148 1
0.1488 0
0.1488 1
0.1496 0
0.1496 1
0.1504 0
0.1504 1
0.1512 0
0.1512 1
0.152 0
0.152 1
0.1528 0
0.1528 1
0.1536 0
0.1536 1
0.1544 0
0.1544 1
0.1552 0
0.1552 1
0.156 0
0.156 1
0.1568 0
0.1568 1
0.1576 0
0.1576 1
0.1584 0
0.1584 1
0.1592 0
0.168 1
0.1688 0
0.1688 1
0.1696 0
0.1696 1
0.1704 0
0.1704 1
0.1712 0
0.1712 1
0.172 0
0.172 1
0.1728 0
0.1728 1
0.1736 0
0.1736 1
0.1744 0
0.1744 1
0.1752 0
0.1752 1
0.176 0
0.176 1
0.1768 0
0.1768 1
0.1776 0
0.1776 1
0.1784 0
0.1784 1
0.1792 0
0.1792 1
0.18 0
0.18 1
0.1808 0
0.1896 1
0.1904 0
0.1904 1
0.1912 0
0.1912 1
0.192 0
0.192 1
0.1928 0
0.1928 1
0.1936 0
0.1936 1
0.1944 0
0.1944 1
0.1952 0
0.1952 1
0.196 0
0.196 1
0.1968 0
0.1968 1
0.1976 0
0.1976 1
0.1984 0
0.1984 1
0.1992 0
0.1992 1
0.2 0
0.2 1
0.2008 0
0.2008 1
0.2016 0
0.2016 1
0.2024 0
0.2112 1
0.212 0
0.212 1
0.2128 0
0.2128 1
0.2136 0
0.2136 1
0.2144 0
0.2144 1
0.2152 0
0.2152 1
0.216 0
0.216 1
0.2168 0
0.2168 1
0.2176 0
0.2176 1
0.2184 0
0.2184 1
0.2192 0
0.2192 1
0.22 0
0.22 1
0.2208 0
0.2208 1
0.2216 0
0.2216 1
0.2224 0
0.2224 1
0.2232 0
0.2232 1
0.224 0
0.2328 1
0.2336 0
0.2336 1
0.2344 0
0.2344 1
0.2352 0
0.2352 1
0.236 0
0.236 1
0.2368 0
0.2368 1
0.2376 0
0.2376 1
0.2384 0
0.2384 1
0.2392 0
0.2392 1
0.24 0
0.24 1
0.2408 0
0.2408 1
0.2416 0
0.2416 1
0.2424 0
0.2424 1
0.2432 0
0.2432 1
0.244 0
0.244 1
0.2448 0
0.2448 1
0.2456 0
0.2512 1
0.2512 0
0.252 1
0.252 0
0.2528 1
0.2528 0
0.2536 1
0.2536 0
0.2544 1
0.2544 0
0.2552 1
0.2552 2
0.2552 1
0.256 2
0.256 1
0.2568 2
0.2568 1
0.2576 2
0.2576 1
0.2584 2
0.2584 1
0.2592 2
0.2592 1
0.26 2
0.26 1
0.2608 2
0.2608 1
0.2616 2
0.2616 1
0.2624 2
0.2624 1
0.2632 2
0.2632 1
0.264 2
0.264 1
0.2648 2
0.2648 1
0.2656 2
0.2656 1
0.2664 2
0.2664 1
0.2672 0
0.2712 1
0.2712 0
0.272 1
0.272 0
0.2728 1
0.2728 0
0.2736 1
0.2736 0
0.2744 1
0.2744 0
0.2752 1
0.2752 0
0.276 1
0.276 0
0.2768 1
0.2768 2
0.2768 1
0.2776 2
0.2776 1
0.2784 2
0.2784 1
0.2792 2
0.2792 1
0.28 2
0.28 1
0.2808 2
0.2808 1
0.2816 2
0.2816 1
0.2824 2
0.2824 1
0.2832 2
0.2832 1
0.284 2
0.284 1
0.2848 2
0.2848 1
0.2856 2
0.2856 1
0.2864 2
0.2864 1
0.2872 2
0.2872 1
0.288 2
0.288 1
0.2888 0
0.2984 1
0.2992 0
0.2992 1
0.3 0
0.3 1
0.3008 0
0.3008 1
0.3016 0
0.3016 1
0.3024 0
0.3024 1
0.3032 0
0.3032 1
0.304 0
0.304 1
0.3048 0
0.3048 1
0.3056 0
0.3056 1
0.3064 0
0.3064 1
0.3072 0
0.3072 1
0.308 0
0.308 1
0.3088 0
0.3088 1
0.3096 0
0.3096 1
0.3104 0
0.32 1
0.3208 0
0.3208 1
0.3216 0
0.3216 1
0.3224 0
0.3224 1
0.3232 0
0.3232 1
0.324 0
0.324 1
0.3248 0
0.3248 1
0.3256 0
0.3256 1
0.3264 0
0.3264 1
0.3272 0
0.3272 1
0.328 0
0.328 1
0.3288 0
0.3288 1
0.3296 0
0.3296 1
0.3304 0
0.3304 1
0.3312 0
0.3312 1
0.332 0
0.3328 1
0.3328 0
0.3336 1
0.3336 0
0.3344 1
0.3344 0
0.3352 1
0.3352 0
0.336 1
0.336 0
0.3368 1
0.3368 0
0.3376 1
0.3376 0
0.3384 1
0.3384 0
0.3392 1
0.3392 0
0.34 1
0.34 0
0.3408 1
0.3408 0
0.3416 1
0.3416 2
0.3416 1
0.3424 2
0.3424 1
0.3432 2
0.3432 1
0.344 2
0.344 1
0.3448 2
0.3448 1
0.3456 2
0.3456 1
0.3464 2
0.3464 1
0.3472 2
0.3472 1
0.348 2
0.348 1
0.3488 2
0.3488 1
0.3496 2
0.3496 1
0.3504 2
0.3504 1
0.3512 2
0.3512 1
0.352 2
0.352 1
0.3528 2
0.3528 1
0.3536 2
0.3536 1
0.3544 2
0.3544 1
0.3552 2
0.3552 1
0.356 2
0.356 1
0.3568 2
0.3568 1
0.3576 2
0.3576 1
0.3584 2
0.3584 1
0.3592 2
0.3592 1
0.36 2
0.36 1
0.3608 2
0.3608 1
0.3616 2
0.3616 1
0.3624 2
0.3624 1
0.3632 2
0.3632 3
0.3632 2
0.364 3
0.364 2
0.3648 3
0.3648 2
0.3656 3
0.3656 2
0.3664 3
0.3664 2
0.3672 3
0.3672 2
0.368 3
0.368 2
0.3688 3
0.3688 2
0.3696 3
0.3696 2
0.3704 3
0.3704 2
0.3712 3
0.3712 2
0.372 3
0.372 2
0.3728 3
0.3728 2
0.3736 3
0.3736 2
0.3744 3
0.3744 2
0.3752 3
0.3752 2
0.376 3
0.376 2
0.3768 3
0.3768 2
0.3776 3
0.3776 2
0.3784 3
0.3784 2
0.3792 3
0.3792 2
0.38 3
0.38 2
0.3808 3
0.3808 2
0.3816 3
0.3816 2
0.3824 3
0.3824 2
0.3832 3
0.3832 2
0.384 3
0.384 2
0.3848 3
0.3848 2
0.3856 3
0.3856 2
0.3864 3
0.3864 4
0.3864 3
0.3872 4
0.3872 3
0.388 4
0.388 3
0.3888 4
0.3888 3
0.3896 4
0.3896 3
0.3904 4
0.3904 3
0.3912 4
0.3912 3
0.392 4
0.392 3
0.3928 4
0.3928 3
0.3936 4
0.3936 3
0.3944 4
0.3944 3
0.3952 4
0.3952 3
0.396 4
0.396 3
0.3968 4
0.3968 3
0.3976 4
0.3976 3
0.3984 4
0.3984 3
0.3992 4
0.3992 3
0.4 4
0.4 3
0.4008 4
0.4008 3
0.4016 4
0.4016 3
0.4024 4
0.4024 3
0.4032 4
0.4032 3
0.404 4
0.404 3
0.4048 4
0.4048 3
0.4056 4
0.4056 3
0.4064 4
0.4064 3
0.4072 4
0.4072 3
0.408 4
0.408 3
0.4088 4
0.4088 3
0.4096 4
0.4096 5
0.4096 4
0.4104 5
0.4104 4
0.4112 5
0.4112 4
0.412 5
0.412 4
0.4128 5
0.4128 4
0.4136 5
0.4136 4
0.4144 5
0.4144 4
0.4152 5
0.4152 4
0.416 5
0.416 4
0.4168 5
0.4168 4
0.4176 5
0.4176 4
0.4184 5
0.4184 4
0.4192 5
0.4192 4
0.42 5
0.42 4
0.4208 5
0.4208 4
0.4216 5
0.4216 4
0.4224 5
0.4224 4
0.4232 5
0.4232 4
0.424 5
0.424 4
0.4248 5
0.4248 4
0.4256 5
0.4256 4
0.4264 5
0.4264 4
0.4272 5
0.4272 4
0.428 5
0.428 4
0.4288 5
0.4288 4
0.4296 5
0.4296 4
0.4304 5
0.4304 4
0.4312 5
0.4312 4
0.432 5
0.432 4
0.4328 5
0.4328 4
0.4336 5
0.4336 4
0.4344 5
0.4344 6
0.4344 5
0.4352 6
0.4352 5
0.436 6
0.436 5
0.4368 6
0.4368 5
0.4376 6
0.4376 5
0.4384 6
0.4384 5
0.4392 6
0.4392 5
0.44 6
0.44 5
0.4408 6
0.4408 5
0.4416 6
0.4416 5
0.4424 6
0.4424 5
0.4432 6
0.4432 5
0.444 6
0.444 5
0.4448 6
0.4448 5
0.4456 6
0.4456 5
0.4464 6
0.4464 5
0.4472 6
0.4472 5
0.448 6
0.448 5
0.4488 6
0.4488 5
0.4496 6
0.4496 5
0.4504 6
0.4504 5
0.4512 6
0.4512 5
0.452 6
0.452 5
0.4528 6
0.4528 5
0.4536 6
0.4536 5
0.4544 6
0.4544 5
0.4552 6
0.4552 5
0.456 6
0.456 5
0.4568 6
0.4568 5
0.4576 6
0.4576 5
0.4584 6
0.4584 5
0.4592 6
0.4592 7
0.4592 6
0.46 7
0.46 6
0.4608 7
0.4608 6
0.4616 7
0.4616 6
0.4624 7
0.4624 6
0.4632 7
0.4632 6
0.464 7
0.464 6
0.4648 7
0.4648 6
0.4656 7
0.4656 6
0.4664 7
0.4664 6
0.4672 7
0.4672 6
0.468 7
0.468 6
0.4688 7
0.4688 6
0.4696 7
0.4696 6
0.4704 7
0.4704 6
0.4712 7
0.4712 6
0.472 7
0.472 6
0.4728 7
0.4728 6
0.4736 7
0.4736 6
0.4744 7
0.4744 6
0.4752 7
0.4752 6
0.476 7
0.476 6
0.4768 7
0.4768 6
0.4776 7
0.4776 6
0.4784 7
0.4784 6
0.4792 7
0.4792 6
0.48 7
0.48 6
0.4808 7
0.4808 6
0.4816 7
0.4816 6
0.4824 7
0.4824 6
0.4832 7
0.4832 6
0.484 7
0.484 6
0.4848 7
0.4848 8
0.4848 7
0.4856 8
0.4856 7
0.4864 8
0.4864 7
0.4872 8
0.4872 7
0.488 8
0.488 7
0.4888 8
0.4888 7
0.4896 8
0.4896 7
0.4904 8
0.4904 7
0.4912 8
0.4912 7
0.492 8
0.492 7
0.4928 8
0.4928 7
0.4936 8
0.4936 7
0.4944 8
0.4944 7
0.4952 8
0.4952 7
0.496 8
0.496 7
0.4968 8
0.4968 7
0.4976 8
0.4976 7
0.4984 8
0.4984 7
0.4992 8
0.4992 7
0.5 8
0.5 7
0.5008 8
0.5008 7
0.5016 8
0.5016 7
0.5024 8
0.5024 7
0.5032 8
0.5032 7
0.504 8
0.504 7
0.5048 8
0.5048 7
0.5056 8
0.5056 7
0.5064 8
0.5064 7
0.5072 8
0.5072 7
0.508 8
0.508 7
0.5088 8
0.5088 7
0.5096 8
0.5096 7
0.5104 8
0.5104 7
0.5112 8
0.5112 7
0.512 8
0.512 9
0.512 8
0.5128 9
0.5128 8
0.5136 9
0.5136 8
0.5144 9
0.5144 8
0.5152 9
0.5152 8
0.516 9
0.516 8
0.5168 9
0.5168 8
0.5176 9
0.5176 8
0.5184 9
0.5184 8
0.5192 9
0.5192 8
0.52 9
0.52 8
0.5208 9
0.5208 8
0.5216 9
0.5216 8
0.5224 9
0.5224 8
0.5232 9
0.5232 8
0.524 9
0.524 8
0.5248 9
0.5248 8
0.5256 9
0.5256 8
0.5264 9
0.5264 8
0.5272 9
0.5272 8
0.528 9
0.528 8
0.5288 9
0.5288 8
0.5296 9
0.5296 8
0.5304 9
0.5304 8
0.5312 9
0.5312 8
0.532 9
0.532 8
0.5328 9
0.5328 8
0.5336 9
0.5336 8
0.5344 9
0.5344 8
0.5352 9
0.5352 8
0.536 9
0.536 8
0.5368 9
0.5368 8
0.5376 9
0.5376 8
0.5384 9
0.5384 8
0.5392 9
0.5392 10
0.5392 9
0.54 10
0.54 9
0.5408 10
0.5408 9
0.5416 10
0.5416 9
0.5424 10
0.5424 9
0.5432 10
0.5432 9
0.544 10
0.544 9
0.5448 10
0.5448 9
0.5456 10
0.5456 9
0.5464 10
0.5464 9
0.5472 10
0.5472 9
0.548 10
0.548 9
0.5488 10
0.5488 9
0.5496 10
0.5496 9
0.5504 10
0.5504 9
0.5512 10
0.5512 9
0.552 10
0.552 9
0.5528 10
0.5528 9
0.5536 10
0.5536 9
0.5544 10
0.5544 9
0.5552 10
0.5552 9
0.556 10
0.556 9
0.5568 10
0.5568 9
0.5576 10
0.5576 9
0.5584 10
0.5584 9
0.5592 10
0.5592 9
0.56 10
0.56 9
0.5608 10
0.5608 9
0.5616 10
0.5616 9
0.5624 10
0.5624 9
0.5632 10
0.5632 9
0.564 10
0.564 9
0.5648 10
0.5648 9
0.5656 10
0.5656 9
0.5664 10
0.5664 9
0.5672 10
0.5672 9
0.568 10
0.568 11
0.568 10
0.5688 11
0.5688 10
0.5696 11
0.5696 10
0.5704 11
0.5704 10
0.5712 11
0.5712 10
0.572 11
0.572 10
0.5728 11
0.5728 10
0.5736 11
0.5736 10
0.5744 11
0.5744 10
0.5752 11
0.5752 10
0.576 11
0.576 10
0.5768 11
0.5768 10
0.5776 11
0.5776 10
0.5784 11
0.5784 10
0.5792 11
0.5792 10
0.58 11
0.58 10
0.5808 11
0.5808 10
0.5816 11
0.5816 10
0.5824 11
0.5824 10
0.5832 11
0.5832 10
0.584 11
0.584 10
0.5848 11
0.5848 10
0.5856 11
0.5856 10
0.5864 11
0.5864 10
0.5872 11
0.5872 10
0.588 11
0.588 10
0.5888 11
0.5888 10
0.5896 11
0.5896 10
0.5904 11
0.5904 10
0.5912 11
0.5912 10
0.592 11
0.592 10
0.5928 11
0.5928 10
0.5936 11
0.5936 10
0.5944 11
0.5944 10
0.5952 11
0.5952 10
0.596 11
0.596 10
0.5968 11
0.5968 10
0.5976 11
0.5976 12
0.5976 11
0.5984 12
0.5984 11
0.5992 12
0.5992 11
0.6 12
0.6 11
0.6008 12
0.6008 11
0.6016 12
0.6016 11
0.6024 12
0.6024 11
0.6032 12
0.6032 11
0.604 12
0.604 11
0.6048 12
0.6048 11
0.6056 12
0.6056 11
0.6064 12
0.6064 11
0.6072 12
0.6072 11
0.608 12
0.608 11
0.6088 12
0.6088 11
0.6096 12
0.6096 11
0.6104 12
0.6104 11
0.6112 12
0.6112 11
0.612 12
0.612 11
0.6128 12
0.6128 11
0.6136 12
0.6136 11
0.6144 12
0.6144 11
0.6152 12
0.6152 11
0.616 12
0.616 11
0.6168 12
0.6168 11
0.6176 12
0.6176 11
0.6184 12
0.6184 11
0.6192 12
0.6192 11
0.62 12
0.62 11
0.6208 12
0.6208 11
0.6216 12
0.6216 11
0.6224 12
0.6224 11
0.6232 12
0.6232 11
0.624 12
0.624 11
0.6248 12
0.6248 11
0.6256 12
0.6256 11
0.6264 12
0.6264 11
0.6272 12
0.6272 13
0.6272 12
0.628 13
0.628 12
0.6288 13
0.6288 12
0.6296 13
0.6296 12
0.6304 13
0.6304 12
0.6312 13
0.6312 12
0.632 13
0.632 12
0.6328 13
0.6328 12
0.6336 13
0.6336 12
0.6344 13
0.6344 12
0.6352 13
0.6352 12
0.636 13
0.636 12
0.6368 13
0.6368 12
0.6376 13
0.6376 12
0.6384 13
0.6384 12
0.6392 13
0.6392 12
0.64 13
0.64 12
0.6408 13
0.6408 12
0.6416 13
0.6416 12
0.6424 13
0.6424 12
0.6432 13
0.6432 12
0.644 13
0.644 12
0.6448 13
0.6448 12
0.6456 13
0.6456 12
0.6464 13
0.6464 12
0.6472 13
0.6472 12
0.648 13
0.648 12
0.6488 13
0.6488 12
0.6496 13
0.6496 12
0.6504 13
0.6504 12
0.6512 13
0.6512 12
0.652 13
0.652 12
0.6528 13
0.6528 12
0.6536 13
0.6536 12
0.6544 13
0.6544 12
0.6552 13
0.6552 12
0.656 13
0.656 12
0.6568 13
0.6568 12
0.6576 13
0.6576 14
0.6576 13
0.6584 14
0.6584 13
0.6592 14
0.6592 13
0.66 14
0.66 13
0.6608 14
0.6608 13
0.6616 14
0.6616 13
0.6624 14
0.6624 13
0.6632 14
0.6632 13
0.664 14
0.664 13
0.6648 14
0.6648 13
0.6656 14
0.6656 13
0.6664 14
0.6664 13
0.6672 14
0.6672 13
0.668 14
0.668 13
0.6688 14
0.6688 13
0.6696 14
0.6696 13
0.6704 14
0.6704 13
0.6712 14
0.6712 13
0.672 14
0.672 13
0.6728 14
0.6728 13
0.6736 14
0.6736 13
0.6744 14
0.6744 13
0.6752 14
0.6752 13
0.676 14
0.676 13
0.6768 14
0.6768 13
0.6776 14
0.6776 13
0.6784 14
0.6784 13
0.6792 14
0.6792 13
0.68 14
0.68 13
0.6808 14
0.6808 13
0.6816 14
0.6816 13
0.6824 14
0.6824 13
0.6832 14
0.6832 13
0.684 14
0.684 13
0.6848 14
0.6848 13
0.6856 14
0.6856 13
0.6864 14
0.6864 13
0.6872 14
0.6872 13
0.688 14
0.688 13
0.6888 14
0.6888 13
0.6896 14
0.6896 15
0.6896 14
0.6904 15
0.6904 14
0.6912 15
0.6912 14
0.692 15
0.692 14
0.6928 15
0.6928 14
0.6936 15
0.6936 14
0.6944 15
0.6944 14
0.6952 15
0.6952 14
0.696 15
0.696 14
0.6968 15
0.6968 14
0.6976 15
0.6976 14
0.6984 15
0.6984 14
0.6992 15
0.6992 14
0.7 15
0.7 14
0.7008 15
0.7008 14
0.7016 15
0.7016 14
0.7024 15
0.7024 14
0.7032 15
0.7032 14
0.704 15
0.704 14
0.7048 15
0.7048 14
0.7056 15
0.7056 14
0.7064 15
0.7064 14
0.7072 15
0.7072 14
0.708 15
0.708 14
0.7088 15
0.7088 14
0.7096 15
0.7096 14
0.7104 15
0.7104 14
0.7112 15
0.7112 14
0.712 15
0.712 14
0.7128 15
0.7128 14
0.7136 15
0.7136 14
0.7144 15
0.7144 14
0.7152 15
0.7152 14
0.716 15
0.716 14
0.7168 15
0.7168 14
0.7176 15
0.7176 14
0.7184 15
0.7184 14
0.7192 15
0.7192 14
0.72 15
0.72 14
0.7208 15
0.7208 14
0.7216 15
0.7216 16
0.7216 15
0.7224 16
0.7224 15
0.7232 16
0.7232 15
0.724 16
0.724 15
0.7248 16
0.7248 15
0.7256 16
0.7256 15
0.7264 16
0.7264 15
0.7272 16
0.7272 15
0.728 16
0.728 15
0.7288 16
0.7288 15
0.7296 16
0.7296 15
0.7304 16
0.7304 15
0.7312 16
0.7312 15
0.732 16
0.732 15
0.7328 16
0.7328 15
0.7336 16
0.7336 15
0.7344 16
0.7344 15
0.7352 16
0.7352 15
0.736 16
0.736 15
0.7368 16
0.7368 15
0.7376 16
0.7376 15
0.7384 16
0.7384 15
0.7392 16
0.7392 15
0.74 16
0.74 15
0.7408 16
0.7408 15
0.7416 16
0.7416 15
0.7424 16
0.7424 15
0.7432 16
0.7432 15
0.744 16
0.744 15
0.7448 16
0.7448 15
0.7456 16
0.7456 15
0.7464 16
0.7464 15
0.7472 16
0.7472 15
0.748 16
0.748 15
0.7488 16
0.7488 15
0.7496 16
0.7496 15
0.7504 16
0.7504 15
0.7512 16
0.7512 15
0.752 16
0.752 15
0.7528 16
0.7528 15
0.7536 16
0.7536 15
0.7544 16
0.7544 15
0.7552 16
0.7552 17
0.7552 16
0.756 17
0.756 16
0.7568 17
0.7568 16
0.7576 17
0.7576 16
0.7584 17
0.7584 16
0.7592 17
0.7592 16
0.76 17
0.76 16
0.7608 17
0.7608 16
0.7616 17
0.7616 16
0.7624 17
0.7624 16
0.7632 17
0.7632 16
0.764 17
0.764 16
0.7648 17
0.7648 16
0.7656 17
0.7656 16
0.7664 17
0.7664 16
0.7672 17
0.7672 16
0.768 17
0.768 16
0.7688 17
0.7688 16
0.7696 17
0.7696 16
0.7704 17
0.7704 16
0.7712 17
0.7712 16
0.772 17
0.772 16
0.7728 17
0.7728 16
0.7736 17
0.7736 16
0.7744 17
0.7744 16
0.7752 17
0.7752 16
0.776 17
0.776 16
0.7768 17
0.7768 16
0.7776 17
0.7776 16
0.7784 17
0.7784 16
0.7792 17
0.7792 16
0.78 17
0.78 16
0.7808 17
0.7808 16
0.7816 17
0.7816 16
0.7824 17
0.7824 16
0.7832 17
0.7832 16
0.784 17
0.784 16
0.7848 17
0.7848 16
0.7856 17
0.7856 16
0.7864 17
0.7864 16
0.7872 17
0.7872 16
0.788 17
0.788 16
0.7888 17
0.7888 16
0.7896 17
0.7896 18
0.7896 17
0.7904 18
0.7904 17
0.7912 18
0.7912 17
0.792 18
0.792 17
0.7928 18
0.7928 17
0.7936 18
0.7936 17
0.7944 18
0.7944 17
0.7952 18
0.7952 17
0.796 18
0.796 17
0.7968 18
0.7968 17
0.7976 18
0.7976 17
0.7984 18
0.7984 17
0.7992 18
0.7992 17
0.8 18
0.8 17
0.8008 18
0.8008 17
0.8016 18
0.8016 17
0.8024 18
0.8024 17
0.8032 18
0.8032 17
0.804 18
0.804 17
0.8048 18
0.8048 17
0.8056 18
0.8056 17
0.8064 18
0.8064 17
0.8072 18
0.8072 17
0.808 18
0.808 17
0.8088 18
0.8088 17
0.8096 18
0.8096 17
0.8104 18
0.8104 17
0.8112 18
0.8112 17
0.812 18
0.812 17
0.8128 18
0.8128 17
0.8136 18
0.8136 17
0.8144 18
0.8144 17
0.8152 18
0.8152 17
0.816 18
0.816 17
0.8168 18
0.8168 17
0.8176 18
0.8176 17
0.8184 18
0.8184 17
0.8192 18
0.8192 17
0.82 18
0.82 17
0.8208 18
0.8208 17
0.8216 18
0.8216 17
0.8224 18
0.8224 17
0.8232 18
0.8232 17
0.824 18
0.824 17
0.8248 18
0.8248 19
0.8248 18
0.8256 19
0.8256 18
0.8264 19
0.8264 18
0.8272 19
0.8272 18
0.828 19
0.828 18
0.8288 19
0.8288 18
0.8296 19
0.8296 18
0.8304 19
0.8304 18
0.8312 19
0.8312 18
0.832 19
0.832 18
0.8328 19
0.8328 18
0.8336 19
0.8336 18
0.8344 19
0.8344 18
0.8352 19
0.8352 18
0.836 19
0.836 18
0.8368 19
0.8368 18
0.8376 19
0.8376 18
0.8384 19
0.8384 18
0.8392 19
0.8392 18
0.84 19
0.84 18
0.8408 19
0.8408 18
0.8416 19
0.8416 18
0.8424 19
0.8424 18
0.8432 19
0.8432 18
0.844 19
0.844 18
0.8448 19
0.8448 18
0.8456 19
0.8456 18
0.8464 19
0.8464 18
0.8472 19
0.8472 18
0.848 19
0.848 18
0.8488 19
0.8488 18
0.8496 19
0.8496 18
0.8504 19
0.8504 18
0.8512 19
0.8512 18
0.852 19
0.852 18
0.8528 19
0.8528 18
0.8536 19
0.8536 18
0.8544 19
0.8544 18
0.8552 19
0.8552 18
0.856 19
0.856 18
0.8568 19
0.8568 18
0.8576 19
0.8576 18
0.8584 19
0.8584 18
0.8592 19
0.8592 18
0.86 19
0.86 18
0.8608 19
0.8608 20
0.8608 19
0.8616 20
0.8616 19
0.8624 20
0.8624 19
0.8632 20
0.8632 19
0.864 20
0.864 19
0.8648 20
0.8648 19
0.8656 20
0.8656 19
0.8664 20
0.8664 19
0.8672 20
0.8672 19
0.868 20
0.868 19
0.8688 20
0.8688 19
0.8696 20
0.8696 19
0.8704 20
0.8704 19
0.8712 20
0.8712 19
0.872 20
0.872 19
0.8728 20
0.8728 19
0.8736 20
0.8736 19
0.8744 20
0.8744 19
0.8752 20
0.8752 19
0.876 20
0.876 19
0.8768 20
0.8768 19
0.8776 20
0.8776 19
0.8784 20
0.8784 19
0.8792 20
0.8792 19
0.88 20
0.88 19
0.8808 20
0.8808 19
0.8816 20
0.8816 19
0.8824 20
0.8824 19
0.8832 20
0.8832 19
0.884 20
0.884 19
0.8848 20
0.8848 19
0.8856 20
0.8856 19
0.8864 20
0.8864 19
0.8872 20
0.8872 19
0.888 20
0.888 19
0.8888 20
0.8888 19
0.8896 20
0.8896 19
0.8904 20
0.8904 19
0.8912 20
0.8912 19
0.892 20
0.892 19
0.8928 20
0.8928 19
0.8936 20
0.8936 19
0.8944 20
0.8944 19
0.8952 20
0.8952 19
0.896 20
0.896 19
0.8968 20
0.8968 19
0.8976 20
0.8976 21
0.8976 20
0.8984 21
0.8984 20
0.8992 21
0.8992 20
0.9 21
0.9 20
0.9008 21
0.9008 20
0.9016 21
0.9016 20
0.9024 21
0.9024 20
0.9032 21
0.9032 20
0.904 21
0.904 20
0.9048 21
0.9048 20
0.9056 21
0.9056 20
0.9064 21
0.9064 20
0.9072 21
0.9072 20
0.908 21
0.908 20
0.9088 21
0.9088 20
0.9096 21
0.9096 20
0.9104 21
0.9104 20
0.9112 21
0.9112 20
0.912 21
0.912 20
0.9128 21
0.9128 20
0.9136 21
0.9136 20
0.9144 21
0.9144 20
0.9152 21
0.9152 20
0.916 21
0.916 20
0.9168 21
0.9168 20
0.9176 21
0.9176 20
0.9184 21
0.9184 20
0.9192 21
0.9192 20
0.92 21
0.92 20
0.9208 21
0.9208 20
0.9216 21
0.9216 20
0.9224 21
0.9224 20
0.9232 21
0.9232 20
0.924 21
0.924 20
0.9248 21
0.9248 20
0.9256 21
0.9256 20
0.9264 21
0.9264 20
0.9272 21
0.9272 20
0.928 21
0.928 20
0.9288 21
0.9288 20
0.9296 21
0.9296 20
0.9304 21
0.9304 20
0.9312 21
0.9312 20
0.932 21
0.932 20
0.9328 21
0.9328 20
0.9336 21
0.9336 20
0.9344 21
0.9344 20
0.9352 21
0.9352 22
0.9352 21
0.936 22
0.936 21
0.9368 22
0.9368 21
0.9376 22
0.9376 21
0.9384 22
0.9384 21
0.9392 22
0.9392 21
0.94 22
0.94 21
0.9408 22
0.9408 21
0.9416 22
0.9416 21
0.9424 22
0.9424 21
0.9432 22
0.9432 21
0.944 22
0.944 21
0.9448 22
0.9448 21
0.9456 22
0.9456 21
0.9464 22
0.9464 21
0.9472 22
0.9472 21
0.948 22
0.948 21
0.9488 22
0.9488 21
0.9496 22
0.9496 21
0.9504 22
0.9504 21
0.9512 22
0.9512 21
0.952 22
0.952 21
0.9528 22
0.9528 21
0.9536 22
0.9536 21
0.9544 22
0.9544 21
0.9552 22
0.9552 21
0.956 22
0.956 21
0.9568 22
0.9568 21
0.9576 22
0.9576 21
0.9584 22
0.9584 21
0.9592 22
0.9592 21
0.96 22
0.96 21
0.9608 22
0.9608 21
0.9616 22
0.9616 21
0.9624 22
0.9624 21
0.9632 22
0.9632 21
0.964 22
0.964 21
0.9648 22
0.9648 21
0.9656 22
0.9656 21
0.9664 22
0.9664 21
0.9672 22
0.9672 21
0.968 22
0.968 21
0.9688 22
0.9688 21
0.9696 22
0.9696 21
0.9704 22
0.9704 21
0.9712 22
0.9712 21
0.972 22
0.972 21
0.9728 22
0.9728 21
0.9736 22
0.9736 23
0.9736 22
0.9744 23
0.9744 22
0.9752 23
0.9752 22
0.976 23
0.976 22
0.9768 23
0.9768 22
0.9776 23
0.9776 22
0.9784 23
0.9784 22
0.9792 23
0.9792 22
0.98 23
0.98 22
0.9808 23
0.9808 22
0.9816 23
0.9816 22
0.9824 23
0.9824 22
0.9832 23
0.9832 22
0.984 23
0.984 22
0.9848 23
0.9848 22
0.9856 23
0.9856 22
0.9864 23
0.9864 22
0.9872 23
0.9872 22
0.988 23
0.988 22
0.9888 23
0.9888 22
0.9896 23
0.9896 22
0.9904 23
0.9904 22
0.9912 23
0.9912 22
0.992 23
0.992 22
0.9928 23
0.9928 22
0.9936 23
0.9936 22
0.9944 23
0.9944 22
0.9952 23
0.9952 22
0.996 23
0.996 22
0.9968 23
0.9968 22
0.9976 23
0.9976 22
0.9984 23
0.9984 22
0.9992 23
0.9992 22
1.0 23
1.0 22
1.0008 23
1.0008 22
1.0016 23
1.0016 22
1.0024 23
1.0024 22
1.0032 23
1.0032 22
1.004 21
1.004 22
1.0048 21
1.0048 22
1.0056 21
1.0056 22
1.0064 21
1.0064 22
1.0072 21
1.0072 22
1.008 21
1.008 22
1.0088 21
1.0088 22
1.0096 21
1.0096 22
1.0104 21
1.0104 22
1.0112 21
1.0112 22
1.012 21
1.012 22
1.0128 21
1.0128 22
1.0136 21
1.0136 22
1.0136 23
1.0144 22
1.0144 23
1.0152 22
1.0152 23
1.016 22
1.016 23
1.0168 22
1.0168 23
1.0176 22
1.0176 23
1.0184 22
1.0184 23
1.0192 22
1.0192 23
1.02 22
1.02 23
1.0208 22
1.0208 23
1.0216 22
1.0216 23
1.0224 22
1.0224 23
1.0232 22
1.0232 23
1.024 22
1.024 23
1.0248 22
1.0248 23
1.0256 22
1.0256 23
1.0264 22
1.0264 23
1.0272 22
1.0272 23
1.028 22
1.028 23
1.0288 22
1.0288 23
1.0296 22
1.0296 23
1.0304 22
1.0304 23
1.0312 22
1.0312 23
1.032 22
1.032 23
1.0328 22
1.0328 23
1.0336 22
1.0336 23
1.0344 22
1.0344 23
1.0352 22
1.0352 23
1.036 22
1.036 23
1.0368 22
1.0368 23
1.0376 22
1.0376 23
1.0384 22
1.0384 23
1.0392 22
1.0392 23
1.04 22
1.04 23
1.0408 22
1.0408 23
1.0416 22
1.0416 23
1.0424 22
1.0424 23
1.0432 22
1.0432 23
1.044 22
1.044 23
1.0448 22
1.0448 23
1.0456 22
1.0456 23
1.0464 22
1.0464 23
1.0472 22
1.0472 23
1.048 22
1.048 23
1.0488 22
1.0488 23
1.0496 22
1.0496 23
1.0504 22
1.0504 23
1.0512 22
1.0512 23
1.052 22
1.052 23
1.0528 22
1.0528 23
1.0536 22
1.0536 23
1.0536 24
1.0544 23
1.0544 24
1.0552 23
1.0552 24
1.056 23
1.056 24
1.0568 23
1.0568 24
1.0576 23
1.0576 24
1.0584 23
1.0584 24
1.0592 23
1.0592 24
1.06 23
1.06 24
1.0608 23
1.0608 24
1.0616 23
1.0616 24
1.0624 23
1.0624 24
1.0632 23
1.0632 24
1.064 23
1.064 24
1.0648 23
1.0648 24
1.0656 23
1.0656 24
1.0664 23
1.0664 24
1.0672 23
1.0672 24
1.068 23
1.068 24
1.0688 23
1.0688 24
1.0696 23
1.0696 24
1.0704 23
1.0704 24
1.0712 23
1.0712 24
1.072 23
1.072 24
1.0728 23
1.0728 24
1.0736 23
1.0736 24
1.0744 23
1.0744 24
1.0752 23
1.0752 24
1.076 23
1.076 24
1.0768 23
1.0768 24
1.0776 23
1.0776 24
1.0784 23
1.0784 24
1.0792 23
1.0792 24
1.08 23
1.08 24
1.0808 23
1.0808 24
1.0816 23
1.0816 24
1.0824 23
1.0824 24
1.0832 23
1.0832 24
1.084 23
1.084 24
1.0848 23
1.0848 24
1.0856 23
1.0856 24
1.0864 23
1.0864 24
1.0872 23
1.0872 24
1.088 23
1.088 24
1.0888 23
1.0888 24
1.0896 23
1.0896 24
1.0904 23
1.0904 24
1.0912 23
1.0912 24
1.092 23
1.092 24
1.0928 23
1.0928 24
1.0936 23
1.0936 24
1.0936 25
1.0944 24
1.0944 25
1.0952 24
1.0952 25
1.096 24
1.096 25
1.0968 24
1.0968 25
1.0976 24
1.0976 25
1.0984 24
1.0984 25
1.0992 24
1.0992 25
1.1 24
1.1 25
1.1008 24
1.1008 25
1.1016 24
1.1016 25
1.1024 24
1.1024 25
1.1032 24
1.1032 25
1.104 24
1.104 25
1.1048 24
1.1048 25
1.1056 24
1.1056 25
1.1064 24
1.1064 25
1.1072 24
1.1072 25
1.108 24
1.108 25
1.1088 24
1.1088 25
1.1096 24
1.1096 25
1.1104 24
1.1104 25
1.1112 24
1.1112 25
1.112 24
1.112 25
1.1128 24
1.1128 25
1.1136 24
1.1136 25
1.1144 24
1.1144 25
1.1152 24
1.1152 25
1.116 24
1.116 25
1.1168 24
1.1168 25
1.1176 24
1.1176 25
1.1184 24
1.1184 25
1.1192 24
1.1192 25
1.12 24
1.12 25
1.1208 24
1.1208 25
1.1216 24
1.1216 25
1.1224 24
1.1224 25
1.1232 24
1.1232 25
1.124 24
1.124 25
1.1248 24
1.1248 25
1.1256 24
1.1256 25
1.1264 24
1.1264 25
1.1272 24
1.1272 25
1.128 24
1.128 25
1.1288 24
1.1288 25
1.1296 24
1.1296 25
1.1304 24
1.1304 25
1.1312 24
1.1312 25
1.132 24
1.132 25
1.1328 24
1.1328 25
1.1336 24
1.1336 25
1.1344 24
1.1344 25
1.1352 24
1.1352 25
1.1352 26
1.136 25
1.136 26
1.1368 25
1.1368 26
1.1376 25
1.1376 26
1.1384 25
1.1384 26
1.1392 25
1.1392 26
1.14 25
1.14 26
1.1408 25
1.1408 26
1.1416 25
1.1416 26
1.1424 25
1.1424 26
1.1432 25
1.1432 26
1.144 25
1.144 26
1.1448 25
1.1448 26
1.1456 25
1.1456 26
1.1464 25
1.1464 26
1.1472 25
1.1472 26
1.148 25
1.148 26
1.1488 25
1.1488 26
1.1496 25
1.1496 26
1.1504 25
1.1504 26
1.1512 25
1.1512 26
1.152 25
1.152 26
1.1528 25
1.1528 26
1.1536 25
1.1536 26
1.1544 25
1.1544 26
1.1552 25
1.1552 26
1.156 25
1.156 26
1.1568 25
1.1568 26
1.1576 25
1.1576 26
1.1584 25
1.1584 26
1.1592 25
1.1592 26
1.16 25
1.16 26
1.1608 25
1.1608 26
1.1616 25
1.1616 26
1.1624 25
1.1624 26
1.1632 25
1.1632 26
1.164 25
1.164 26
1.1648 25
1.1648 26
1.1656 25
1.1656 26
1.1664 25
1.1664 26
1.1672 25
1.1672 26
1.168 25
1.168 26
1.1688 25
1.1688 26
1.1696 25
1.1696 26
1.1704 25
1.1704 26
1.1712 25
1.1712 26
1.172 25
1.172 26
1.1728 25
1.1728 26
1.1736 25
1.1736 26
1.1744 25
1.1744 26
1.1752 25
1.1752 26
1.176 25
1.176 26
1.1768 25
1.1768 26
1.1776 25
1.1776 26
1.1776 27
1.1784 26
1.1784 27
1.1792 26
1.1792 27
1.18 26
1.18 27
1.1808 26
1.1808 27
1.1816 26
1.1816 27
1.1824 26
1.1824 27
1.1832 26
1.1832 27
1.184 26
1.184 27
1.1848 26
1.1848 27
1.1856 26
1.1856 27
1.1864 26
1.1864 27
1.1872 26
1.1872 27
1.188 26
1.188 27
1.1888 26
1.1888 27
1.1896 26
1.1896 27
1.1904 26
1.1904 27
1.1912 26
1.1912 27
1.192 26
1.192 27
1.1928 26
1.1928 27
1.1936 26
1.1936 27
1.1944 26
1.1944 27
1.1952 26
1.1952 27
1.196 26
1.196 27
1.1968 26
1.1968 27
1.1976 26
1.1976 27
1.1984 26
1.1984 27
1.1992 26
1.1992 27
1.2 26
1.2 27
1.2008 26
1.2008 27
1.2016 26
1.2016 27
1.2024 26
1.2024 27
1.2032 26
1.2032 27
1.204 26
1.204 27
1.2048 26
1.2048 27
1.2056 26
1.2056 27
1.2064 26
1.2064 27
1.2072 26
1.2072 27
1.208 26
1.208 27
1.2088 26
1.2088 27
1.2096 26
1.2096 27
1.2104 26
1.2104 27
1.2112 26
1.2112 27
1.212 26
1.212 27
1.2128 26
1.2128 27
1.2136 26
1.2136 27
1.2144 26
1.2144 27
1.2152 26
1.2152 27
1.216 26
1.216 27
1.2168 26
1.2168 27
1.2176 26
1.2176 27
1.2184 26
1.2184 27
1.2192 26
1.2192 27
1.22 26
1.22 27
1.2208 26
1.2208 27
1.2216 26
1.2216 27
1.2224 26
1.2224 27
1.2224 28
1.2232 27
1.2232 28
1.224 27
1.224 28
1.2248 27
1.2248 28
1.2256 27
1.2256 28
1.2264 27
1.2264 28
1.2272 27
1.2272 28
1.228 27
1.228 28
1.2288 27
1.2288 28
1.2296 27
1.2296 28
1.2304 27
1.2304 28
1.2312 27
1.2312 28
1.232 27
1.232 28
1.2328 27
1.2328 28
1.2336 27
1.2336 28
1.2344 27
1.2344 28
1.2352 27
1.2352 28
1.236 27
1.236 28
1.2368 27
1.2368 28
1.2376 27
1.2376 28
1.2384 27
1.2384 28
1.2392 27
1.2392 28
1.24 27
1.24 28
1.2408 27
1.2408 28
1.2416 27
1.2416 28
1.2424 27
1.2424 28
1.2432 27
1.2432 28
1.244 27
1.244 28
1.2448 27
1.2448 28
1.2456 27
1.2456 28
1.2464 27
1.2464 28
1.2472 27
1.2472 28
1.248 27
1.248 28
1.2488 27
1.2488 28
1.2496 27
1.2496 28
1.2504 27
1.2504 28
1.2512 27
1.2512 28
1.252 27
1.252 28
1.2528 27
1.2528 28
1.2536 27
1.2536 28
1.2544 27
1.2544 28
1.2552 27
1.2552 28
1.256 27
1.256 28
1.2568 27
1.2568 28
1.2576 27
1.2576 28
1.2584 27
1.2584 28
1.2592 27
1.2592 28
1.26 27
1.26 28
1.2608 27
1.2608 28
1.2616 27
1.2616 28
1.2624 27
1.2624 28
1.2632 27
1.2632 28
1.264 27
1.264 28
1.2648 27
1.2648 28
1.2656 27
1.2656 28
1.2664 27
1.2664 28
1.2664 29
1.2672 28
1.2672 29
1.268 28
1.268 29
1.2688 28
1.2688 29
1.2696 28
1.2696 29
1.2704 28
1.2704 29
1.2712 28
1.2712 29
1.272 28
1.272 29
1.2728 28
1.2728 29
1.2736 28
1.2736 29
1.2744 28
1.2744 29
1.2752 28
1.2752 29
1.276 28
1.276 29
1.2768 28
1.2768 29
1.2776 28
1.2776 29
1.2784 28
1.2784 29
1.2792 28
1.2792 29
1.28 28
1.28 29
1.2808 28
1.2808 29
1.2816 28
1.2816 29
1.2824 28
1.2824 29
1.2832 28
1.2832 29
1.284 28
1.284 29
1.2848 28
1.2848 29
1.2856 28
1.2856 29
1.2864 28
1.2864 29
1.2872 28
1.2872 29
1.288 28
1.288 29
1.2888 28
1.2888 29
1.2896 28
1.2896 29
1.2904 28
1.2904 29
1.2912 28
1.2912 29
1.292 28
1.292 29
1.2928 28
1.2928 29
1.2936 28
1.2936 29
1.2944 28
1.2944 29
1.2952 28
1.2952 29
1.296 28
1.296 29
1.2968 28
1.2968 29
1.2976 28
1.2976 29
1.2984 28
1.2984 29
1.2992 28
1.2992 29
1.3 28
1.3 29
1.3008 28
1.3008 29
1.3016 28
1.3016 29
1.3024 28
1.3024 29
1.3032 28
1.3032 29
1.304 28
1.304 29
1.3048 28
1.3048 29
1.3056 28
1.3056 29
1.3064 28
1.3064 29
1.3072 28
1.3072 29
1.308 28
1.308 29
1.3088 28
1.3088 29
1.3096 28
1.3096 29
1.3104 28
1.3104 29
1.3112 28
1.3112 29
1.3112 30
1.312 29
1.312 30
1.3128 29
1.3128 30
1.3136 29
1.3136 30
1.3144 29
1.3144 30
1.3152 29
1.3152 30
1.316 29
1.316 30
1.3168 29
1.3168 30
1.3176 29
1.3176 30
1.3184 29
1.3184 30
1.3192 29
1.3192 30
1.32 29
1.32 30
1.3208 29
1.3208 30
1.3216 29
1.3216 30
1.3224 29
1.3224 30
1.3232 29
1.3232 30
1.324 29
1.324 30
1.3248 29
1.3248 30
1.3256 29
1.3256 30
1.3264 29
1.3264 30
1.3272 29
1.3272 30
1.328 29
1.328 30
1.3288 29
1.3288 30
1.3296 29
1.3296 30
1.3304 29
1.3304 30
1.3312 29
1.3312 30
1.332 29
1.332 30
1.3328 29
1.3328 30
1.3336 29
1.3336 30
1.3344 29
1.3344 30
1.3352 29
1.3352 30
1.336 29
1.336 30
1.3368 29
1.3368 30
1.3376 29
1.3376 30
1.3384 29
1.3384 30
1.3392 29
1.3392 30
1.34 29
1.34 30
1.3408 29
1.3408 30
1.3416 29
1.3416 30
1.3424 29
1.3424 30
1.3432 29
1.3432 30
1.344 29
1.344 30
1.3448 29
1.3448 30
1.3456 29
1.3456 30
1.3464 29
1.3464 30
1.3472 29
1.3472 30
1.348 29
1.348 30
1.3488 29
1.3488 30
1.3496 29
1.3496 30
1.3504 29
1.3504 30
1.3512 29
1.3512 30
1.352 29
1.352 30
1.3528 29
1.3528 30
1.3536 29
1.3536 30
1.3544 29
1.3544 30
1.3552 29
1.3552 30
1.356 29
1.356 30
1.3568 29
1.3568 30
1.3576 29
1.3576 30
1.3576 31
1.3584 30
1.3584 31
1.3592 30
1.3592 31
1.36 30
1.36 31
1.3608 30
1.3608 31
1.3616 30
1.3616 31
1.3624 30
1.3624 31
1.3632 30
1.3632 31
1.364 30
1.364 31
1.3648 30
1.3648 31
1.3656 30
1.3656 31
1.3664 30
1.3664 31
1.3672 30
1.3672 31
1.368 30
1.368 31
1.3688 30
1.3688 31
1.3696 30
1.3696 31
1.3704 30
1.3704 31
1.3712 30
1.3712 31
1.372 30
1.372 31
1.3728 30
1.3728 31
1.3736 30
1.3736 31
1.3744 30
1.3744 31
1.3752 30
1.3752 31
1.376 30
1.376 31
1.3768 30
1.3768 31
1.3776 30
1.3776 31
1.3784 30
1.3784 31
1.3792 30
1.3792 31
1.38 30
1.38 31
1.3808 30
1.3808 31
1.3816 30
1.3816 31
1.3824 30
1.3824 31
1.3832 30
1.3832 31
1.384 30
1.384 31
1.3848 30
1.3848 31
1.3856 30
1.3856 31
1.3864 30
1.3864 31
1.3872 30
1.3872 31
1.388 30
1.388 31
1.3888 30
1.3888 31
1.3896 30
1.3896 31
1.3904 30
1.3904 31
1.3912 30
1.3912 31
1.392 30
1.392 31
1.3928 30
1.3928 31
1.3936 30
1.3936 31
1.3944 30
1.3944 31
1.3952 30
1.3952 31
1.396 30
1.396 31
1.3968 30
1.3968 31
1.3976 30
1.3976 31
1.3984 30
1.3984 31
1.3992 30
1.3992 31
1.4 30
1.4 31
1.4008 30
1.4008 31
1.4016 30
1.4016 31
1.4024 30
1.4024 31
1.4032 30
1.4032 31
1.404 30
1.404 31
1.4048 30
1.4048 31
1.4048 32
1.4056 31
1.4056 32
1.4064 31
1.4064 32
1.4072 31
1.4072 32
1.408 31
1.408 32
1.4088 31
1.4088 32
1.4096 31
1.4096 32
1.4104 31
1.4104 32
1.4112 31
1.4112 32
1.412 31
1.412 32
1.4128 31
1.4128 32
1.4136 31
1.4136 32
1.4144 31
1.4144 32
1.4152 31
1.4152 32
1.416 31
1.416 32
1.4168 31
1.4168 32
1.4176 31
1.4176 32
1.4184 31
1.4184 32
1.4192 31
1.4192 32
1.42 31
1.42 32
1.4208 31
1.4208 32
1.4216 31
1.4216 32
1.4224 31
1.4224 32
1.4232 31
1.4232 32
1.424 31
1.424 32
1.4248 31
1.4248 32
1.4256 31
1.4256 32
1.4264 31
1.4264 32
1.4272 31
1.4272 32
1.428 31
1.428 32
1.4288 31
1.4288 32
1.4296 31
1.4296 32
1.4304 31
1.4304 32
1.4312 31
1.4312 32
1.432 31
1.432 32
1.4328 31
1.4328 32
1.4336 31
1.4336 32
1.4344 31
1.4344 32
1.4352 31
1.4352 32
1.436 31
1.436 32
1.4368 31
1.4368 32
1.4376 31
1.4376 32
1.4384 31
1.4384 32
1.4392 31
1.4392 32
1.44 31
1.44 32
1.4408 31
1.4408 32
1.4416 31
1.4416 32
1.4424 31
1.4424 32
1.4432 31
1.4432 32
1.444 31
1.444 32
1.4448 31
1.4448 32
1.4456 31
1.4456 32
1.4464 31
1.4464 32
1.4472 31
1.4472 32
1.448 31
1.448 32
1.4488 31
1.4488 32
1.4496 31
1.4496 32
1.4504 31
1.4504 32
1.4512 31
1.4512 32
1.452 31
1.452 32
1.452 33
1.4528 32
1.4528 33
1.4536 32
1.4536 33
1.4544 32
1.4544 33
1.4552 32
1.4552 33
1.456 32
1.456 33
1.4568 32
1.4568 33
1.4576 32
1.4576 33
1.4584 32
1.4584 33
1.4592 32
1.4592 33
1.46 32
1.46 33
1.4608 32
1.4608 33
1.4616 32
1.4616 33
1.4624 32
1.4624 33
1.4632 32
1.4632 33
1.464 32
1.464 33
1.4648 32
1.4648 33
1.4656 32
1.4656 33
1.4664 32
1.4664 33
1.4672 32
1.4672 33
1.468 32
1.468 33
1.4688 32
1.4688 33
1.4696 32
1.4696 33
1.4704 32
1.4704 33
1.4712 32
1.4712 33
1.472 32
1.472 33
1.4728 32
1.4728 33
1.4736 32
1.4736 33
1.4744 32
1.4744 33
1.4752 32
1.4752 33
1.476 32
1.476 33
1.4768 32
1.4768 33
1.4776 32
1.4776 33
1.4784 32
1.4784 33
1.4792 32
1.4792 33
1.48 32
1.48 33
1.4808 32
1.4808 33
1.4816 32
1.4816 33
1.4824 32
1.4824 33
1.4832 32
1.4832 33
1.484 32
1.484 33
1.4848 32
1.4848 33
1.4856 32
1.4856 33
1.4864 32
1.4864 33
1.4872 32
1.4872 33
1.488 32
1.488 33
1.4888 32
1.4888 33
1.4896 32
1.4896 33
1.4904 32
1.4904 33
1.4912 32
1.4912 33
1.492 32
1.492 33
1.4928 32
1.4928 33
1.4936 32
1.4936 33
1.4944 32
1.4944 33
1.4952 32
1.4952 33
1.496 32
1.496 33
1.4968 32
1.4968 33
1.4976 32
1.4976 33
1.4984 32
1.4984 33
1.4992 32
1.4992 33
1.5 32
1.5 33
1.5008 32
1.5008 33
1.5016 32
1.5016 33
1.5024 32
1.5024 33
1.5024 34
1.5032 33
1.5032 34
1.504 33
1.504 34
1.5048 33
1.5048 34
1.5056 33
1.5056 34
1.5064 33
1.5064 34
1.5072 33
1.5072 34
1.508 33
1.508 34
1.5088 33
1.5088 34
1.5096 33
1.5096 34
1.5104 33
1.5104 34
1.5112 33
1.5112 34
1.512 33
1.512 34
1.5128 33
1.5128 34
1.5136 33
1.5136 34
1.5144 33
1.5144 34
1.5152 33
1.5152 34
1.516 33
1.516 34
1.5168 33
1.5168 34
1.5176 33
1.5176 34
1.5184 33
1.5184 34
1.5192 33
1.5192 34
1.52 33
1.52 34
1.5208 33
1.5208 34
1.5216 33
1.5216 34
1.5224 33
1.5224 34
1.5232 33
1.5232 34
1.524 33
1.524 34
1.5248 33
1.5248 34
1.5256 33
1.5256 34
1.5264 33
1.5264 34
1.5272 33
1.5272 34
1.528 33
1.528 34
1.5288 33
1.5288 34
1.5296 33
1.5296 34
1.5304 33
1.5304 34
1.5312 33
1.5312 34
1.532 33
1.532 34
1.5328 33
1.5328 34
1.5336 33
1.5336 34
1.5344 33
1.5344 34
1.5352 33
1.5352 34
1.536 33
1.536 34
1.5368 33
1.5368 34
1.5376 33
1.5376 34
1.5384 33
1.5384 34
1.5392 33
1.5392 34
1.54 33
1.54 34
1.5408 33
1.5408 34
1.5416 33
1.5416 34
1.5424 33
1.5424 34
1.5432 33
1.5432 34
1.544 33
1.544 34
1.5448 33
1.5448 34
1.5456 33
1.5456 34
1.5464 33
1.5464 34
1.5472 33
1.5472 34
1.548 33
1.548 34
1.5488 33
1.5488 34
1.5496 33
1.5496 34
1.5504 33
1.5504 34
1.5512 33
1.5512 34
1.552 33
1.552 34
1.552 35
1.5528 34
1.5528 35
1.5536 34
1.5536 35
1.5544 34
1.5544 35
1.5552 34
1.5552 35
1.556 34
1.556 35
1.5568 34
1.5568 35
1.5576 34
1.5576 35
1.5584 34
1.5584 35
1.5592 34
1.5592 35
1.56 34
1.56 35
1.5608 34
1.5608 35
1.5616 34
1.5616 35
1.5624 34
1.5624 35
1.5632 34
1.5632 35
1.564 34
1.564 35
1.5648 34
1.5648 35
1.5656 34
1.5656 35
1.5664 34
1.5664 35
1.5672 34
1.5672 35
1.568 34
1.568 35
1.5688 34
1.5688 35
1.5696 34
1.5696 35
1.5704 34
1.5704 35
1.5712 34
1.5712 35
1.572 34
1.572 35
1.5728 34
1.5728 35
1.5736 34
1.5736 35
1.5744 34
1.5744 35
1.5752 34
1.5752 35
1.576 34
1.576 35
1.5768 34
1.5768 35
1.5776 34
1.5776 35
1.5784 34
1.5784 35
1.5792 34
1.5792 35
1.58 34
1.58 35
1.5808 34
1.5808 35
1.5816 34
1.5816 35
1.5824 34
1.5824 35
1.5832 34
1.5832 35
1.584 34
1.584 35
1.5848 34
1.5848 35
1.5856 34
1.5856 35
1.5864 34
1.5864 35
1.5872 34
1.5872 35
1.588 34
1.588 35
1.5888 34
1.5888 35
1.5896 34
1.5896 35
1.5904 34
1.5904 35
1.5912 34
1.5912 35
1.592 34
1.592 35
1.5928 34
1.5928 35
1.5936 34
1.5936 35
1.5944 34
1.5944 35
1.5952 34
1.5952 35
1.596 34
1.596 35
1.5968 34
1.5968 35
1.5976 34
1.5976 35
1.5984 34
1.5984 35
1.5992 34
1.5992 35
1.6 34
1.6 35
1.6008 34
1.6008 35
1.6016 34
1.6016 35
1.6024 34
1.6024 35
1.6024 36
1.6032 35
1.6032 36
1.604 35
1.604 36
1.6048 35
1.6048 36
1.6056 35
1.6056 36
1.6064 35
1.6064 36
1.6072 35
1.6072 36
1.608 35
1.608 36
1.6088 35
1.6088 36
1.6096 35
1.6096 36
1.6104 35
1.6104 36
1.6112 35
1.6112 36
1.612 35
1.612 36
1.6128 35
1.6128 36
1.6136 35
1.6136 36
1.6144 35
1.6144 36
1.6152 35
1.6152 36
1.616 35
1.616 36
1.6168 35
1.6168 36
1.6176 35
1.6176 36
1.6184 35
1.6184 36
1.6192 35
1.6192 36
1.62 35
1.62 36
1.6208 35
1.6208 36
1.6216 35
1.6216 36
1.6224 35
1.6224 36
1.6232 35
1.6232 36
1.624 35
1.624 36
1.6248 35
1.6248 36
1.6256 35
1.6256 36
1.6264 35
1.6264 36
1.6272 35
1.6272 36
1.628 35
1.628 36
1.6288 35
1.6288 36
1.6296 35
1.6296 36
1.6304 35
1.6304 36
1.6312 35
1.6312 36
1.632 35
1.632 36
1.6328 35
1.6328 36
1.6336 35
1.6336 36
1.6344 35
1.6344 36
1.6352 35
1.6352 36
1.636 35
1.636 36
1.6368 35
1.6368 36
1.6376 35
1.6376 36
1.6384 35
1.6384 36
1.6392 35
1.6392 36
1.64 35
1.64 36
1.6408 35
1.6408 36
1.6416 35
1.6416 36
1.6424 35
1.6424 36
1.6432 35
1.6432 36
1.644 35
1.644 36
1.6448 35
1.6448 36
1.6456 35
1.6456 36
1.6464 35
1.6464 36
1.6472 35
1.6472 36
1.648 35
1.648 36
1.6488 35
1.6488 36
1.6496 35
1.6496 36
1.6504 35
1.6504 36
1.6512 35
1.6512 36
1.652 35
1.652 36
1.652 37
1.6528 36
1.6528 37
1.6536 36
1.6536 37
1.6544 36
1.6544 37
1.6552 36
1.6552 37
1.656 36
1.656 37
1.6568 36
1.6568 37
1.6576 36
1.6576 37
1.6584 36
1.6584 37
1.6592 36
1.6592 37
1.66 36
1.66 37
1.6608 36
1.6608 37
1.6616 36
1.6616 37
1.6624 36
1.6624 37
1.6632 36
1.6632 37
1.664 36
1.664 37
1.6648 36
1.6648 37
1.6656 36
1.6656 37
1.6664 36
1.6664 37
1.6672 36
1.6672 37
1.668 36
1.668 37
1.6688 36
1.6688 37
1.6696 36
1.6696 37
1.6704 36
1.6704 37
1.6712 36
1.6712 37
1.672 36
1.672 37
1.6728 36
1.6728 37
1.6736 36
1.6736 37
1.6744 36
1.6744 37
1.6752 36
1.6752 37
1.676 36
1.676 37
1.6768 36
1.6768 37
1.6776 36
1.6776 37
1.6784 36
1.6784 37
1.6792 36
1.6792 37
1.68 36
1.68 37
1.6808 36
1.6808 37
1.6816 36
1.6816 37
1.6824 36
1.6824 37
1.6832 36
1.6832 37
1.684 36
1.684 37
1.6848 36
1.6848 37
1.6856 36
1.6856 37
1.6864 36
1.6864 37
1.6872 36
1.6872 37
1.688 36
1.688 37
1.6888 36
1.6888 37
1.6896 36
1.6896 37
1.6904 36
1.6904 37
1.6912 36
1.6912 37
1.692 36
1.692 37
1.6928 36
1.6928 37
1.6936 36
1.6936 37
1.6944 36
1.6944 37
1.6952 36
1.6952 37
1.696 36
1.696 37
1.6968 36
1.6968 37
1.6976 36
1.6976 37
1.6984 36
1.6984 37
1.6992 36
1.6992 37
1.7 36
1.7 37
1.7008 36
1.7008 37
1.7016 36
1.7016 37
1.7024 36
1.7024 37
1.7032 36
1.7032 37
1.704 36
1.704 37
1.7048 36
1.7048 37
1.7056 36
1.7056 37
1.7056 38
1.7064 37
1.7064 38
1.7072 37
1.7072 38
1.708 37
1.708 38
1.7088 37
1.7088 38
1.7096 37
1.7096 38
1.7104 37
1.7104 38
1.7112 37
1.7112 38
1.712 37
1.712 38
1.7128 37
1.7128 38
1.7136 37
1.7136 38
1.7144 37
1.7144 38
1.7152 37
1.7152 38
1.716 37
1.716 38
1.7168 37
1.7168 38
1.7176 37
1.7176 38
1.7184 37
1.7184 38
1.7192 37
1.7192 38
1.72 37
1.72 38
1.7208 37
1.7208 38
1.7216 37
1.7216 38
1.7224 37
1.7224 38
1.7232 37
1.7232 38
1.724 37
1.724 38
1.7248 37
1.7248 38
1.7256 37
1.7256 38
1.7264 37
1.7264 38
1.7272 37
1.7272 38
1.728 37
1.728 38
1.7288 37
1.7288 38
1.7296 37
1.7296 38
1.7304 37
1.7304 38
1.7312 37
1.7312 38
1.732 37
1.732 38
1.7328 37
1.7328 38
1.7336 37
1.7336 38
1.7344 37
1.7344 38
1.7352 37
1.7352 38
1.736 37
1.736 38
1.7368 37
1.7368 38
1.7376 37
1.7376 38
1.7384 37
1.7384 38
1.7392 37
1.7392 38
1.74 37
1.74 38
1.7408 37
1.7408 38
1.7416 37
1.7416 38
1.7424 37
1.7424 38
1.7432 37
1.7432 38
1.744 37
1.744 38
1.7448 37
1.7448 38
1.7456 37
1.7456 38
1.7464 37
1.7464 38
1.7472 37
1.7472 38
1.748 37
1.748 38
1.7488 37
1.7488 38
1.7496 37
1.7496 38
1.7504 37
1.7504 38
1.7512 37
1.7512 38
1.752 37
1.752 38
1.7528 37
1.7528 38
1.7536 37
1.7536 38
1.7544 37
1.7544 38
1.7552 37
1.7552 38
1.756 37
1.756 38
1.7568 37
1.7568 38
1.7576 37
1.7576 38
1.7584 37
1.7584 38
1.7584 39
1.7592 38
1.7592 39
1.76 38
1.76 39
1.7608 38
1.7608 39
1.7616 38
1.7616 39
1.7624 38
1.7624 39
1.7632 38
1.7632 39
1.764 38
1.764 39
1.7648 38
1.7648 39
1.7656 38
1.7656 39
1.7664 38
1.7664 39
1.7672 38
1.7672 39
1.768 38
1.768 39
1.7688 38
1.7688 39
1.7696 38
1.7696 39
1.7704 38
1.7704 39
1.7712 38
1.7712 39
1.772 38
1.772 39
1.7728 38
1.7728 39
1.7736 38
1.7736 39
1.7744 38
1.7744 39
1.7752 38
1.7752 39
1.776 38
1.776 39
1.7768 38
1.7768 39
1.7776 38
1.7776 39
1.7784 38
1.7784 39
1.7792 38
1.7792 39
1.78 38
1.78 39
1.7808 38
1.7808 39
1.7816 38
1.7816 39
1.7824 38
1.7824 39
1.7832 38
1.7832 39
1.784 38
1.784 39
1.7848 38
1.7848 39
1.7856 38
1.7856 39
1.7864 38
1.7864 39
1.7872 38
1.7872 39
1.788 38
1.788 39
1.7888 38
1.7888 39
1.7896 38
1.7896 39
1.7904 38
1.7904 39
1.7912 38
1.7912 39
1.792 38
1.792 39
1.7928 38
1.7928 39
1.7936 38
1.7936 39
1.7944 38
1.7944 39
1.7952 38
1.7952 39
1.796 38
1.796 39
1.7968 38
1.7968 39
1.7976 38
1.7976 39
1.7984 38
1.7984 39
1.7992 38
1.7992 39
1.8 38
1.8 39
1.8008 38
1.8008 39
1.8016 38
1.8016 39
1.8024 38
1.8024 39
1.8032 38
1.8032 39
1.804 38
1.804 39
1.8048 38
1.8048 39
1.8056 38
1.8056 39
1.8064 38
1.8064 39
1.8072 38
1.8072 39
1.808 38
1.808 39
1.8088 38
1.8088 39
1.8096 38
1.8096 39
1.8104 38
1.8104 39
1.8112 38
1.8112 39
1.812 38
1.812 39
1.812 40
1.8128 39
1.8128 40
1.8136 39
1.8136 40
1.8144 39
1.8144 40
1.8152 39
1.8152 40
1.816 39
1.816 40
1.8168 39
1.8168 40
1.8176 39
1.8176 40
1.8184 39
1.8184 40
1.8192 39
1.8192 40
1.82 39
1.82 40
1.8208 39
1.8208 40
1.8216 39
1.8216 40
1.8224 39
1.8224 40
1.8232 39
1.8232 40
1.824 39
1.824 40
1.8248 39
1.8248 40
1.8256 39
1.8256 40
1.8264 39
1.8264 40
1.8272 39
1.8272 40
1.828 39
1.828 40
1.8288 39
1.8288 40
1.8296 39
1.8296 40
1.8304 39
1.8304 40
1.8312 39
1.8312 40
1.832 39
1.832 40
1.8328 39
1.8328 40
1.8336 39
1.8336 40
1.8344 39
1.8344 40
1.8352 39
1.8352 40
1.836 39
1.836 40
1.8368 39
1.8368 40
1.8376 39
1.8376 40
1.8384 39
1.8384 40
1.8392 39
1.8392 40
1.84 39
1.84 40
1.8408 39
1.8408 40
1.8416 39
1.8416 40
1.8424 39
1.8424 40
1.8432 39
1.8432 40
1.844 39
1.844 40
1.8448 39
1.8448 40
1.8456 39
1.8456 40
1.8464 39
1.8464 40
1.8472 39
1.8472 40
1.848 39
1.848 40
1.8488 39
1.8488 40
1.8496 39
1.8496 40
1.8504 39
1.8504 40
1.8512 39
1.8512 40
1.852 39
1.852 40
1.8528 39
1.8528 40
1.8536 39
1.8536 40
1.8544 39
1.8544 40
1.8552 39
1.8552 40
1.856 39
1.856 40
1.8568 39
1.8568 40
1.8576 39
1.8576 40
1.8584 39
1.8584 40
1.8592 39
1.8592 40
1.86 39
1.86 40
1.8608 39
1.8608 40
1.8616 39
1.8616 40
1.8624 39
1.8624 40
1.8632 39
1.8632 40
1.864 39
1.864 40
1.8648 39
1.8648 40
1.8656 39
1.8656 40
1.8656 41
1.8664 40
1.8664 41
1.8672 40
1.8672 41
1.868 40
1.868 41
1.8688 40
1.8688 41
1.8696 40
1.8696 41
1.8704 40
1.8704 41
1.8712 40
1.8712 41
1.872 40
1.872 41
1.8728 40
1.8728 41
1.8736 40
1.8736 41
1.8744 40
1.8744 41
1.8752 40
1.8752 41
1.876 40
1.876 41
1.8768 40
1.8768 41
1.8776 40
1.8776 41
1.8784 40
1.8784 41
1.8792 40
1.8792 41
1.88 40
1.88 41
1.8808 40
1.8808 41
1.8816 40
1.8816 41
1.8824 40
1.8824 41
1.8832 40
1.8832 41
1.884 40
1.884 41
1.8848 40
1.8848 41
1.8856 40
1.8856 41
1.8864 40
1.8864 41
1.8872 40
1.8872 41
1.888 40
1.888 41
1.8888 40
1.8888 41
1.8896 40
1.8896 41
1.8904 40
1.8904 41
1.8912 40
1.8912 41
1.892 40
1.892 41
1.8928 40
1.8928 41
1.8936 40
1.8936 41
1.8944 40
1.8944 41
1.8952 40
1.8952 41
1.896 40
1.896 41
1.8968 40
1.8968 41
1.8976 40
1.8976 41
1.8984 40
1.8984 41
1.8992 40
1.8992 41
1.9 40
1.9 41
1.9008 40
1.9008 41
1.9016 40
1.9016 41
1.9024 40
1.9024 41
1.9032 40
1.9032 41
1.904 40
1.904 41
1.9048 40
1.9048 41
1.9056 40
1.9056 41
1.9064 40
1.9064 41
1.9072 40
1.9072 41
1.908 40
1.908 41
1.9088 40
1.9088 41
1.9096 40
1.9096 41
1.9104 40
1.9104 41
1.9112 40
1.9112 41
1.912 40
1.912 41
1.9128 40
1.9128 41
1.9136 40
1.9136 41
1.9144 40
1.9144 41
1.9152 40
1.9152 41
1.916 40
1.916 41
1.9168 40
1.9168 41
1.9176 40
1.9176 41
1.9184 40
1.9184 41
1.9192 40
1.9192 41
1.92 40
1.92 41
1.9208 40
1.9208 41
1.9216 40
1.9216 41
1.9224 40
1.9224 41
1.9224 42
1.9232 41
1.9232 42
1.924 41
1.924 42
1.9248 41
1.9248 42
1.9256 41
1.9256 42
1.9264 41
1.9264 42
1.9272 41
1.9272 42
1.928 41
1.928 42
1.9288 41
1.9288 42
1.9296 41
1.9296 42
1.9304 41
1.9304 42
1.9312 41
1.9312 42
1.932 41
1.932 42
1.9328 41
1.9328 42
1.9336 41
1.9336 42
1.9344 41
1.9344 42
1.9352 41
1.9352 42
1.936 41
1.936 42
1.9368 41
1.9368 42
1.9376 41
1.9376 42
1.9384 41
1.9384 42
1.9392 41
1.9392 42
1.94 41
1.94 42
1.9408 41
1.9408 42
1.9416 41
1.9416 42
1.9424 41
1.9424 42
1.9432 41
1.9432 42
1.944 41
1.944 42
1.9448 41
1.9448 42
1.9456 41
1.9456 42
1.9464 41
1.9464 42
1.9472 41
1.9472 42
1.948 41
1.948 42
1.9488 41
1.9488 42
1.9496 41
1.9496 42
1.9504 41
1.9504 42
1.9512 41
1.9512 42
1.952 41
1.952 42
1.9528 41
1.9528 42
1.9536 41
1.9536 42
1.9544 41
1.9544 42
1.9552 41
1.9552 42
1.956 41
1.956 42
1.9568 41
1.9568 42
1.9576 41
1.9576 42
1.9584 41
1.9584 42
1.9592 41
1.9592 42
1.96 41
1.96 42
1.9608 41
1.9608 42
1.9616 41
1.9616 42
1.9624 41
1.9624 42
1.9632 41
1.9632 42
1.964 41
1.964 42
1.9648 41
1.9648 42
1.9656 41
1.9656 42
1.9664 41
1.9664 42
1.9672 41
1.9672 42
1.968 41
1.968 42
1.9688 41
1.9688 42
1.9696 41
1.9696 42
1.9704 41
1.9704 42
1.9712 41
1.9712 42
1.972 41
1.972 42
1.9728 41
1.9728 42
1.9736 41
1.9736 42
1.9744 41
1.9744 42
1.9752 41
1.9752 42
1.976 41
1.976 42
1.9768 41
1.9768 42
1.9776 41
1.9776 42
1.9784 41
1.9784 42
1.9792 41
1.9792 42
1.9792 43
1.98 42
1.98 43
1.9808 42
1.9808 43
1.9816 42
1.9816 43
1.9824 42
1.9824 43
1.9832 42
1.9832 43
1.984 42
1.984 43
1.9848 42
1.9848 43
1.9856 42
1.9856 43
1.9864 42
1.9864 43
1.9872 42
1.9872 43
1.988 42
1.988 43
1.9888 42
1.9888 43
1.9896 42
1.9896 43
1.9904 42
1.9904 43
1.9912 42
1.9912 43
1.992 42
1.992 43
1.9928 42
1.9928 43
1.9936 42
1.9936 43
1.9944 42
1.9944 43
1.9952 42
1.9952 43
1.996 42
1.996 43
1.9968 42
1.9968 43
1.9976 42
1.9976 43
1.9984 42
1.9984 43
1.9992 42
1.9992 43
2.0 42
2.0 43
2.0008 42
2.0008 43
2.0016 42
2.0016 43
2.0024 42
2.0024 43
2.0032 42
2.0032 43
2.004 42
2.004 43
2.0048 42
2.0048 43
2.0056 42
2.0056 43
2.0064 42
2.0064 43
2.0072 42
2.0072 43
2.008 42
2.008 43
2.0088 42
2.0088 43
2.0096 42
2.0096 43
2.0104 42
2.0104 43
2.0112 42
2.0112 43
2.012 42
2.012 43
2.0128 42
2.0128 43
2.0136 42
2.0136 43
2.0144 42
2.0144 43
2.0152 42
2.0152 43
2.016 42
2.016 43
2.0168 42
2.0168 43
2.0176 42
2.0176 43
2.0184 42
2.0184 43
2.0192 42
2.0192 43
2.02 42
2.02 43
2.0208 42
2.0208 43
2.0216 42
2.0216 43
2.0224 42
2.0224 43
2.0232 42
2.0232 43
2.024 42
2.024 43
2.0248 42
2.0248 43
2.0256 42
2.0256 43
2.0264 42
2.0264 43
2.0272 42
2.0272 43
2.028 42
2.028 43
2.0288 42
2.0288 43
2.0296 42
2.0296 43
2.0304 42
2.0304 43
2.0312 42
2.0312 43
2.032 42
2.032 43
2.0328 42
2.0328 43
2.0336 42
2.0336 43
2.0344 42
2.0344 43
2.0352 42
2.0352 43
2.036 42
2.036 43
2.0368 42
2.0368 43
2.0368 44
2.0376 43
2.0376 44
2.0384 43
2.0384 44
2.0392 43
2.0392 44
2.04 43
2.04 44
2.0408 43
2.0408 44
2.0416 43
2.0416 44
2.0424 43
2.0424 44
2.0432 43
2.0432 44
2.044 43
2.044 44
2.0448 43
2.0448 44
2.0456 43
2.0456 44
2.0464 43
2.0464 44
2.0472 43
2.0472 44
2.048 43
2.048 44
2.0488 43
2.0488 44
2.0496 43
2.0496 44
2.0504 43
2.0504 44
2.0512 43
2.0512 44
2.052 43
2.052 44
2.0528 43
2.0528 44
2.0536 43
2.0536 44
2.0544 43
2.0544 44
2.0552 43
2.0552 44
2.056 43
2.056 44
2.0568 43
2.0568 44
2.0576 43
2.0576 44
2.0584 43
2.0584 44
2.0592 43
2.0592 44
2.06 43
2.06 44
2.0608 43
2.0608 44
2.0616 43
2.0616 44
2.0624 43
2.0624 44
2.0632 43
2.0632 44
2.064 43
2.064 44
2.0648 43
2.0648 44
2.0656 43
2.0656 44
2.0664 43
2.0664 44
2.0672 43
2.0672 44
2.068 43
2.068 44
2.0688 43
2.0688 44
2.0696 43
2.0696 44
2.0704 43
2.0704 44
2.0712 43
2.0712 44
2.072 43
2.072 44
2.0728 43
2.0728 44
2.0736 43
2.0736 44
2.0744 43
2.0744 44
2.0752 43
2.0752 44
2.076 43
2.076 44
2.0768 43
2.0768 44
2.0776 43
2.0776 44
2.0784 43
2.0784 44
2.0792 43
2.0792 44
2.08 43
2.08 44
2.0808 43
2.0808 44
2.0816 43
2.0816 44
2.0824 43
2.0824 44
2.0832 43
2.0832 44
2.084 43
2.084 44
2.0848 43
2.0848 44
2.0856 43
2.0856 44
2.0864 43
2.0864 44
2.0872 43
2.0872 44
2.088 43
2.088 44
2.0888 43
2.0888 44
2.0896 43
2.0896 44
2.0904 43
2.0904 44
2.0912 43
2.0912 44
2.092 43
2.092 44
2.0928 43
2.0928 44
2.0936 43
2.0936 44
2.0936 45
2.0944 44
2.0944 45
2.0952 44
2.0952 45
2.096 44
2.096 45
2.0968 44
2.0968 45
2.0976 44
2.0976 45
2.0984 44
2.0984 45
2.0992 44
2.0992 45
2.1 44
2.1 45
2.1008 44
2.1008 45
2.1016 44
2.1016 45
2.1024 44
2.1024 45
2.1032 44
2.1032 45
2.104 44
2.104 45
2.1048 44
2.1048 45
2.1056 44
2.1056 45
2.1064 44
2.1064 45
2.1072 44
2.1072 45
2.108 44
2.108 45
2.1088 44
2.1088 45
2.1096 44
2.1096 45
2.1104 44
2.1104 45
2.1112 44
2.1112 45
2.112 44
2.112 45
2.1128 44
2.1128 45
2.1136 44
2.1136 45
2.1144 44
2.1144 45
2.1152 44
2.1152 45
2.116 44
2.116 45
2.1168 44
2.1168 45
2.1176 44
2.1176 45
2.1184 44
2.1184 45
2.1192 44
2.1192 45
2.12 44
2.12 45
2.1208 44
2.1208 45
2.1216 44
2.1216 45
2.1224 44
2.1224 45
2.1232 44
2.1232 45
2.124 44
2.124 45
2.1248 44
2.1248 45
2.1256 44
2.1256 45
2.1264 44
2.1264 45
2.1272 44
2.1272 45
2.128 44
2.128 45
2.1288 44
2.1288 45
2.1296 44
2.1296 45
2.1304 44
2.1304 45
2.1312 44
2.1312 45
2.132 44
2.132 45
2.1328 44
2.1328 45
2.1336 44
2.1336 45
2.1344 44
2.1344 45
2.1352 44
2.1352 45
2.136 44
2.136 45
2.1368 44
2.1368 45
2.1376 44
2.1376 45
2.1384 44
2.1384 45
2.1392 44
2.1392 45
2.14 44
2.14 45
2.1408 44
2.1408 45
2.1416 44
2.1416 45
2.1424 44
2.1424 45
2.1432 44
2.1432 45
2.144 44
2.144 45
2.1448 44
2.1448 45
2.1456 44
2.1456 45
2.1464 44
2.1464 45
2.1472 44
2.1472 45
2.148 44
2.148 45
2.1488 44
2.1488 45
2.1496 44
2.1496 45
2.1504 44
2.1504 45
2.1512 44
2.1512 45
2.1512 46
2.152 45
2.152 46
2.1528 45
2.1528 46
2.1536 45
2.1536 46
2.1544 45
2.1544 46
2.1552 45
2.1552 46
2.156 45
2.156 46
2.1568 45
2.1568 46
2.1576 45
2.1576 46
2.1584 45
2.1584 46
2.1592 45
2.1592 46
2.16 45
2.16 46
2.1608 45
2.1608 46
2.1616 45
2.1616 46
2.1624 45
2.1624 46
2.1632 45
2.1632 46
2.164 45
2.164 46
2.1648 45
2.1648 46
2.1656 45
2.1656 46
2.1664 45
2.1664 46
2.1672 45
2.1672 46
2.168 45
2.168 46
2.1688 45
2.1688 46
2.1696 45
2.1696 46
2.1704 45
2.1704 46
2.1712 45
2.1712 46
2.172 45
2.172 46
2.1728 45
2.1728 46
2.1736 45
2.1736 46
2.1744 45
2.1744 46
2.1752 45
2.1752 46
2.176 45
2.176 46
2.1768 45
2.1768 46
2.1776 45
2.1776 46
2.1784 45
2.1784 46
2.1792 45
2.1792 46
2.18 45
2.18 46
2.1808 45
2.1808 46
2.1816 45
2.1816 46
2.1824 45
2.1824 46
2.1832 45
2.1832 46
2.184 45
2.184 46
2.1848 45
2.1848 46
2.1856 45
2.1856 46
2.1864 45
2.1864 46
2.1872 45
2.1872 46
2.188 45
2.188 46
2.1888 45
2.1888 46
2.1896 45
2.1896 46
2.1904 45
2.1904 46
2.1912 45
2.1912 46
2.192 45
2.192 46
2.1928 45
2.1928 46
2.1936 45
2.1936 46
2.1944 45
2.1944 46
2.1952 45
2.196 44
2.1968 43
2.1976 42
2.1984 41
2.1992 40
2.2 39
2.2008 38
2.2016 37
2.2024 36
2.2032 35
2.204 34
2.2048 33
2.2056 32
2.2064 31
2.2072 30
2.208 29
2.2088 28
2.2096 27
2.2104 26
2.2112 25
2.212 24
2.2128 23
2.2136 22
2.2144 21
2.2152 20
2.216 19
2.2168 18
2.2176 17
2.2184 16
2.2192 15
2.22 14
2.2208 13
2.2216 12
2.2224 11
2.2232 10
2.224 9
2.2248 8
2.2256 7
2.2264 6
2.2272 5
2.228 4
2.2288 3
2.2296 2
2.2304 1
2.2312 0

# File transfer correct!
