# Time (seconds) Size (number)
0.0108 1000
0.0316 1000
0.0324 1000
0.0524 1000
0.0532 1000
0.054 1000
0.0548 1000
0.0732 1000
0.074 1000
0.0748 1000
0.0756 1000
0.0764 1000
0.0772 1000
0.078 1000
0.0788 1000
0.094 1000
0.0948 1000
0.0956 1000
0.0964 1000
0.0972 1000
0.098 1000
0.0988 1000
0.0996 1000
0.1004 1000
0.1012 1000
0.102 1000
0.1028 1000
0.1036 1000
0.1044 1000
0.1052 1000
0.106 1000
0.1148 1000
0.1164 1000
0.1172 1000
0.118 1000
0.1188 1000
0.1196 1000
0.1204 1000
0.1212 1000
0.1236 1000
0.1244 1000
0.1252 1000
0.126 1000
0.1268 1000
0.1356 1000
0.1364 1000
0.138 1000
0.1588 1000
0.1796 1000
0.1804 1000
0.2004 1000
0.2012 1000
0.202 1000
0.2028 1000
0.2212 1000
0.222 1000
0.2228 1000
0.2236 1000
0.2244 1000
0.2252 1000
0.226 1000
0.2268 1000
0.242 1000
0.2428 1000
0.2436 1000
0.2444 1000
0.2452 1000
0.246 1000
0.2468 1000
0.2476 1000
0.2484 1000
0.2628 1000
0.2636 1000
0.2644 1000
0.2652 1000
0.266 1000
0.2668 1000
0.2676 1000
0.2684 1000
0.2692 1000
0.27 1000
0.2836 1000
0.2844 1000
0.2852 1000
0.286 1000
0.2868 1000
0.2876 1000
0.2884 1000
0.2892 1000
0.29 1000
0.2908 1000
0.2916 1000
0.3044 1000
0.3052 1000
0.306 1000
0.3068 1000
0.3076 1000
0.3084 1000
0.3092 1000
0.31 1000
0.3108 1000
0.3116 1000
0.3124 1000
0.3132 1000
0.3252 1000
0.326 1000
0.3268 1000
0.3276 1000
0.3284 1000
0.3292 1000
0.33 1000
0.3308 1000
0.3316 1000
0.3324 1000
0.3332 1000
0.334 1000
0.3348 1000
0.346 1000
0.3468 1000
0.3476 1000
0.3484 1000
0.3492 1000
0.35 1000
0.3508 1000
0.3516 1000
0.3524 1000
0.3532 1000
0.354 1000
0.3548 1000
0.3556 1000
0.3564 1000
0.3668 1000
0.3676 1000
0.3684 1000
0.3692 1000
0.37 1000
0.3708 1000
0.3716 1000
0.3724 1000
0.3732 1000
0.374 1000
0.3748 1000
0.3756 1000
0.3764 1000
0.3772 1000
0.378 1000
0.3876 1000
0.3884 1000
0.3892 1000
0.39 1000
0.3908 1000
0.3916 1000
0.3924 1000
0.3932 1000
0.394 1000
0.3948 1000
0.3956 1000
0.3964 1000
0.3972 1000
0.398 1000
0.3988 1000
0.3996 1000
0.4084 1000
0.4092 1000
0.41 1000
0.4108 1000
0.4116 1000
0.4124 1000
0.4132 1000
0.414 1000
0.4148 1000
0.4156 1000
0.4164 1000
0.4172 1000
0.418 1000
0.4188 1000
0.4196 1000
0.4204 1000
0.4212 1000
0.4292 1000
0.43 1000
0.4308 1000
0.4316 1000
0.4324 1000
0.4332 1000
0.434 1000
0.4348 1000
0.4356 1000
0.4364 1000
0.4372 1000
0.438 1000
0.4388 1000
0.4396 1000
0.4404 1000
0.4412 1000
0.442 1000
0.4428 1000
0.45 1000
0.4508 1000
0.4516 1000
0.4524 1000
0.4532 1000
0.454 1000
0.4548 1000
0.4556 1000
0.4564 1000
0.4572 1000
0.458 1000
0.4588 1000
0.4596 1000
0.4604 1000
0.4612 1000
0.462 1000
0.4628 1000
0.4636 1000
0.4644 1000
0.4708 1000
0.4716 1000
0.4724 1000
0.4732 1000
0.474 1000
0.4748 1000
0.4756 1000
0.4764 1000
0.4772 1000
0.478 1000
0.4788 1000
0.4796 1000
0.4804 1000
0.4812 1000
0.482 1000
0.4828 1000
0.4836 1000
0.4844 1000
0.4852 1000
0.486 1000
0.4916 1000
0.4924 1000
0.4932 1000
0.494 1000
0.4948 1000
0.4956 1000
0.4964 1000
0.4972 1000
0.498 1000
0.4988 1000
0.4996 1000
0.5004 1000
0.5012 1000
0.502 1000
0.5028 1000
0.5036 1000
0.5044 1000
0.5052 1000
0.506 1000
0.5068 1000
0.5076 1000
0.5124 1000
0.5132 1000
0.514 1000
0.5148 1000
0.5156 1000
0.5164 1000
0.5172 1000
0.518 1000
0.5188 1000
0.5196 1000
0.5204 1000
0.5212 1000
0.522 1000
0.5228 1000
0.5236 1000
0.5244 1000
0.5252 1000
0.526 1000
0.5268 1000
0.5276 1000
0.5284 1000
0.5292 1000
0.5332 1000
0.534 1000
0.5348 1000
0.5356 1000
0.5364 1000
0.5372 1000
0.538 1000
0.5388 1000
0.5396 1000
0.5404 1000
0.5412 1000
0.542 1000
0.5428 1000
0.5436 1000
0.5444 1000
0.5452 1000
0.546 1000
0.5468 1000
0.5476 1000
0.5484 1000
0.5492 1000
0.55 1000
0.5508 1000
0.554 1000
0.5548 1000
0.5556 1000
0.5564 1000
0.5572 1000
0.558 1000
0.5588 1000
0.5596 1000
0.5604 1000
0.5612 1000
0.562 1000
0.5628 1000
0.5636 1000
0.5644 1000
0.5652 1000
0.566 1000
0.5668 1000
0.5676 1000
0.5684 1000
0.5692 1000
0.57 1000
0.5708 1000
0.5716 1000
0.5724 1000
0.5748 1000
0.5756 1000
0.5764 1000
0.5772 1000
0.578 1000
0.5788 1000
0.5796 1000
0.5804 1000
0.5812 1000
0.582 1000
0.5828 1000
0.5836 1000
0.5844 1000
0.5852 1000
0.586 1000
0.5868 1000
0.5876 1000
0.5884 1000
0.5892 1000
0.59 1000
0.5908 1000
0.5916 1000
0.5924 1000
0.5932 1000
0.594 1000
0.5956 1000
0.5964 1000
0.5972 1000
0.598 1000
0.5988 1000
0.5996 1000
0.6004 1000
0.6012 1000
0.602 1000
0.6028 1000
0.6036 1000
0.6044 1000
0.6052 1000
0.606 1000
0.6068 1000
0.6076 1000
0.6084 1000
0.6092 1000
0.61 1000
0.6108 1000
0.6116 1000
0.6124 1000
0.6132 1000
0.614 1000
0.6148 1000
0.6156 1000
0.6164 1000
0.6172 1000
0.618 1000
0.6188 1000
0.6196 1000
0.6204 1000
0.6212 1000
0.622 1000
0.6228 1000
0.6236 1000
0.6244 1000
0.6252 1000
0.626 1000
0.6268 1000
0.6276 1000
0.6284 1000
0.6292 1000
0.63 1000
0.6308 1000
0.6316 1000
0.6324 1000
0.6332 1000
0.634 1000
0.6348 1000
0.6356 1000
0.6364 1000
0.6372 1000
0.638 1000
0.6388 1000
0.6396 1000
0.6404 1000
0.6412 1000
0.642 1000
0.6428 1000
0.6436 1000
0.6444 1000
0.6452 1000
0.646 1000
0.6468 1000
0.6476 1000
0.6484 1000
0.6492 1000
0.65 1000
0.6508 1000
0.6516 1000
0.6524 1000
0.6532 1000
0.654 1000
0.6548 1000
0.6556 1000
0.6564 1000
0.6572 1000
0.658 1000
0.6588 1000
0.6596 1000
0.6604 1000
0.6612 1000
0.662 1000
0.6628 1000
0.6636 1000
0.6644 1000
0.6652 1000
0.666 1000
0.6668 1000
0.6676 1000
0.6684 1000
0.6692 1000
0.67 1000
0.6708 1000
0.6716 1000
0.6724 1000
0.6732 1000
0.674 1000
0.6748 1000
0.6756 1000
0.6764 1000
0.6772 1000
0.678 1000
0.6788 1000
0.6796 1000
0.6804 1000
0.6812 1000
0.682 1000
0.6828 1000
0.6836 1000
0.6844 1000
0.6852 1000
0.686 1000
0.6868 1000
0.6876 1000
0.6884 1000
0.6892 1000
0.69 1000
0.6908 1000
0.6916 1000
0.6924 1000
0.6932 1000
0.694 1000
0.6948 1000
0.6956 1000
0.6964 1000
0.6972 1000
0.698 1000
0.6988 1000
0.6996 1000
0.7004 1000
0.7012 1000
0.702 1000
0.7028 1000
0.7036 1000
0.7044 1000
0.7052 1000
0.706 1000
0.7068 1000
0.7076 1000
0.7084 1000
0.7092 1000
0.71 1000
0.7108 1000
0.7116 1000
0.7124 1000
0.7132 1000
0.714 1000
0.7148 1000
0.7156 1000
0.7164 1000
0.7172 1000
0.718 1000
0.7188 1000
0.7196 1000
0.7204 1000
0.7212 1000
0.722 1000
0.7228 1000
0.7236 1000
0.7244 1000
0.7252 1000
0.726 1000
0.726416 520

# File transfer correct!
