# Time (seconds) Sequence (number) Dropped (0 or 1) ACK (0 or 1)
0 0 0 0
0.0208 1000 0 1
0.0208 1000 0 0
0.0208 2000 0 0
0.0416 2000 0 1
0.0416 3000 0 0
0.0416 4000 0 0
0.0424 3000 0 1
0.0424 5000 0 0
0.0424 6000 0 0
0.0624 4000 0 1
0.0624 7000 0 0
0.0624 8000 0 0
0.0632 5000 0 1
0.0632 9000 0 0
0.0632 10000 0 0
0.064 6000 0 1
0.064 11000 0 0
0.064 12000 0 0
0.0648 7000 0 1
0.0648 13000 0 0
0.0648 14000 0 0
0.0832 8000 0 1
0.0832 15000 0 0
0.0832 16000 0 0
0.084 9000 0 1
0.084 17000 0 0
0.084 18000 0 0
0.0848 10000 0 1
0.0848 19000 0 0
0.0848 20000 0 0
0.0856 11000 0 1
0.0856 21000 0 0
0.0856 22000 0 0
0.0864 12000 0 1
0.0864 23000 0 0
0.0864 24000 0 0
0.0872 13000 0 1
0.0872 25000 0 0
0.0872 26000 0 0
0.088 14000 0 1
0.088 27000 0 0
0.088 28000 0 0
0.0888 15000 0 1
0.0888 29000 0 0
0.0888 30000 0 0
0.104 16000 0 1
0.104 31000 0 0
0.1048 17000 0 1
0.1048 32000 0 0
0.1056 18000 0 1
0.1056 33000 0 0
0.1064 19000 0 1
0.1064 34000 0 0
0.1072 20000 0 1
0.1072 35000 0 0
0.108 21000 0 1
0.108 36000 0 0
0.1088 22000 0 1
0.1088 37000 0 0
0.1096 23000 0 1
0.1096 38000 0 0
0.1104 24000 0 1
0.1104 39000 0 0
0.1112 25000 0 1
0.1112 40000 0 0
0.112 26000 0 1
0.112 41000 0 0
0.1128 27000 0 1
0.1128 42000 0 0
0.1136 28000 0 1
0.1136 43000 0 0
0.1144 29000 0 1
0.1144 44000 0 0
0.1152 30000 0 1
0.1152 45000 0 0
0.116 31000 0 1
0.116 46000 0 0
0.1248 32000 0 1
0.1248 47000 0 0
0.1248 48000 0 0
0.1256 33000 0 1
0.1256 49000 0 0
0.1264 34000 0 1
0.1264 50000 0 0
0.1272 35000 0 1
0.1272 51000 0 0
0.128 36000 0 1
0.128 52000 0 0
0.1288 37000 0 1
0.1288 53000 0 0
0.1296 38000 0 1
0.1296 54000 0 0
0.1304 39000 0 1
0.1304 55000 0 0
0.1312 40000 0 1
0.1312 56000 0 0
0.132 41000 0 1
0.132 57000 0 0
0.1328 42000 0 1
0.1328 58000 0 0
0.1336 43000 0 1
0.1336 59000 0 0
0.1344 44000 0 1
0.1344 60000 0 0
0.1352 45000 0 1
0.1352 61000 0 0
0.136 46000 0 1
0.136 62000 0 0
0.1368 47000 0 1
0.1368 63000 0 0
0.1456 48000 0 1
0.1456 64000 0 0
0.1464 49000 0 1
0.1464 65000 0 0
0.1464 66000 0 0
0.1472 50000 0 1
0.1472 67000 0 0
0.148 51000 0 1
0.148 68000 0 0
0.1488 52000 0 1
0.1488 69000 0 0
0.1496 53000 0 1
0.1496 70000 0 0
0.1504 54000 0 1
0.1504 71000 0 0
0.1512 55000 0 1
0.1512 72000 0 0
0.152 56000 0 1
0.152 73000 0 0
0.1528 57000 0 1
0.1528 74000 0 0
0.1536 58000 0 1
0.1536 75000 0 0
0.1544 59000 0 1
0.1544 76000 0 0
0.1552 60000 0 1
0.1552 77000 0 0
0.156 61000 0 1
0.156 78000 0 0
0.1568 62000 0 1
0.1568 79000 0 0
0.1576 63000 0 1
0.1576 80000 0 0
0.1584 64000 0 1
0.1584 81000 0 0
0.1664 65000 0 1
0.1664 82000 0 0
0.1672 66000 0 1
0.1672 83000 0 0
0.168 67000 0 1
0.168 84000 0 0
0.168 85000 0 0
0.1688 68000 0 1
0.1688 86000 0 0
0.1696 69000 0 1
0.1696 87000 0 0
0.1704 70000 0 1
0.1704 88000 0 0
0.1712 71000 0 1
0.1712 89000 0 0
0.172 72000 0 1
0.172 90000 0 0
0.1728 73000 0 1
0.1728 91000 0 0
0.1736 74000 0 1
0.1736 92000 0 0
0.1744 75000 0 1
0.1744 93000 0 0
0.1752 76000 0 1
0.1752 94000 0 0
0.176 77000 0 1
0.176 95000 0 0
0.1768 78000 0 1
0.1768 96000 0 0
0.1776 79000 0 1
0.1776 97000 0 0
0.1784 80000 0 1
0.1784 98000 0 0
0.1792 81000 0 1
0.1792 99000 0 0
0.18 82000 0 1
0.18 100000 0 0
0.1872 83000 0 1
0.1872 101000 0 0
0.188 84000 0 1
0.188 102000 0 0
0.1888 85000 0 1
0.1888 103000 0 0
0.1896 86000 0 1
0.1896 104000 0 0
0.1896 105000 0 0
0.1904 87000 0 1
0.1904 106000 0 0
0.1912 88000 0 1
0.1912 107000 0 0
0.192 89000 0 1
0.192 108000 0 0
0.1928 90000 0 1
0.1928 109000 0 0
0.1936 91000 0 1
0.1936 110000 0 0
0.1944 92000 0 1
0.1944 111000 0 0
0.1952 93000 0 1
0.1952 112000 0 0
0.196 94000 0 1
0.196 113000 0 0
0.1968 95000 0 1
0.1968 114000 0 0
0.1976 96000 0 1
0.1976 115000 0 0
0.1984 97000 0 1
0.1984 116000 0 0
0.1992 98000 0 1
0.1992 117000 0 0
0.2 99000 0 1
0.2 118000 0 0
0.2008 100000 0 1
0.2008 119000 0 0
0.2016 101000 0 1
0.2016 120000 0 0
0.208 102000 0 1
0.208 121000 0 0
0.2088 103000 0 1
0.2088 122000 0 0
0.2096 104000 0 1
0.2096 123000 0 0
0.2104 105000 0 1
0.2104 124000 0 0
0.2112 106000 0 1
0.2112 125000 0 0
0.2112 126000 0 0
0.212 107000 0 1
0.212 127000 0 0
0.2128 108000 0 1
0.2128 128000 0 0
0.2136 109000 0 1
0.2136 129000 0 0
0.2144 110000 0 1
0.2144 130000 0 0
0.2152 111000 0 1
0.2152 131000 0 0
0.216 112000 0 1
0.216 132000 0 0
0.2168 113000 0 1
0.2168 133000 0 0
0.2176 114000 0 1
0.2176 134000 0 0
0.2184 115000 0 1
0.2184 135000 0 0
0.2192 116000 0 1
0.2192 136000 0 0
0.22 117000 0 1
0.22 137000 0 0
0.2208 118000 0 1
0.2208 138000 0 0
0.2216 119000 0 1
0.2216 139000 0 0
0.2224 120000 0 1
0.2224 140000 0 0
0.2232 121000 0 1
0.2232 141000 0 0
0.2288 122000 0 1
0.2288 142000 0 0
0.2296 123000 0 1
0.2296 143000 0 0
0.2304 124000 0 1
0.2304 144000 0 0
0.2312 125000 0 1
0.2312 145000 0 0
0.232 126000 0 1
0.232 146000 0 0
0.2328 127000 0 1
0.2328 147000 0 0
0.2328 148000 0 0
0.2336 128000 0 1
0.2336 149000 0 0
0.2344 129000 0 1
0.2344 150000 0 0
0.2352 130000 0 1
0.2352 151000 0 0
0.236 131000 0 1
0.236 152000 0 0
0.2368 132000 0 1
0.2368 153000 0 0
0.2376 133000 0 1
0.2376 154000 0 0
0.2384 134000 0 1
0.2384 155000 0 0
0.2392 135000 0 1
0.2392 156000 0 0
0.24 136000 0 1
0.24 157000 0 0
0.2408 137000 0 1
0.2408 158000 0 0
0.2416 138000 0 1
0.2416 159000 0 0
0.2424 139000 0 1
0.2424 160000 0 0
0.2432 140000 0 1
0.2432 161000 0 0
0.244 141000 0 1
0.244 162000 0 0
0.2448 142000 0 1
0.2448 163000 0 0
0.2496 143000 0 1
0.2496 164000 0 0
0.2504 144000 0 1
0.2504 165000 0 0
0.2512 145000 0 1
0.2512 166000 0 0
0.252 146000 0 1
0.252 167000 0 0
0.2528 147000 0 1
0.2528 168000 0 0
0.2536 148000 0 1
0.2536 169000 0 0
0.2544 149000 0 1
0.2544 170000 0 0
0.2552 150000 0 1
0.2552 171000 0 0
0.2552 172000 0 0
0.256 151000 0 1
0.256 173000 0 0
0.2568 152000 0 1
0.2568 174000 0 0
0.2576 153000 0 1
0.2576 175000 0 0
0.2584 154000 0 1
0.2584 176000 0 0
0.2592 155000 0 1
0.2592 177000 0 0
0.26 156000 0 1
0.26 178000 0 0
0.2608 157000 0 1
0.2608 179000 0 0
0.2616 158000 0 1
0.2616 180000 0 0
0.2624 159000 0 1
0.2624 181000 0 0
0.2632 160000 0 1
0.2632 182000 0 0
0.264 161000 0 1
0.264 183000 0 0
0.2648 162000 0 1
0.2648 184000 0 0
0.2656 163000 0 1
0.2656 185000 0 0
0.2664 164000 0 1
0.2664 186000 0 0
0.2704 165000 0 1
0.2704 187000 0 0
0.2712 166000 0 1
0.2712 188000 0 0
0.272 167000 0 1
0.272 189000 0 0
0.2728 168000 0 1
0.2728 190000 0 0
0.2736 169000 0 1
0.2736 191000 0 0
0.2744 170000 0 1
0.2744 192000 0 0
0.2752 171000 0 1
0.2752 193000 0 0
0.276 172000 0 1
0.276 194000 0 0
0.2768 173000 0 1
0.2768 195000 0 0
0.2768 196000 0 0
0.2776 174000 0 1
0.2776 197000 0 0
0.2784 175000 0 1
0.2784 198000 0 0
0.2792 176000 0 1
0.2792 199000 0 0
0.28 177000 0 1
0.28 200000 0 0
0.2808 178000 0 1
0.2808 201000 0 0
0.2816 179000 0 1
0.2816 202000 0 0
0.2824 180000 0 1
0.2824 203000 0 0
0.2832 181000 0 1
0.2832 204000 0 0
0.284 182000 0 1
0.284 205000 0 0
0.2848 183000 0 1
0.2848 206000 0 0
0.2856 184000 0 1
0.2856 207000 0 0
0.2864 185000 0 1
0.2864 208000 0 0
0.2872 186000 0 1
0.2872 209000 0 0
0.288 187000 0 1
0.288 210000 0 0
0.2912 188000 0 1
0.2912 211000 0 0
0.292 189000 0 1
0.292 212000 0 0
0.2928 190000 0 1
0.2928 213000 0 0
0.2936 191000 0 1
0.2936 214000 0 0
0.2944 192000 0 1
0.2944 215000 0 0
0.2952 193000 0 1
0.2952 216000 0 0
0.296 194000 0 1
0.296 217000 0 0
0.2968 195000 0 1
0.2968 218000 0 0
0.2976 196000 0 1
0.2976 219000 0 0
0.2984 197000 0 1
0.2984 220000 0 0
0.2984 221000 0 0
0.2992 198000 0 1
0.2992 222000 0 0
0.3 199000 0 1
0.3 223000 0 0
0.3008 200000 0 1
0.3008 224000 0 0
0.3016 201000 0 1
0.3016 225000 0 0
0.3024 202000 0 1
0.3024 226000 0 0
0.3032 203000 0 1
0.3032 227000 0 0
0.304 204000 0 1
0.304 228000 0 0
0.3048 205000 0 1
0.3048 229000 0 0
0.3056 206000 0 1
0.3056 230000 0 0
0.3064 207000 0 1
0.3064 231000 0 0
0.3072 208000 0 1
0.3072 232000 0 0
0.308 209000 0 1
0.308 233000 0 0
0.3088 210000 0 1
0.3088 234000 0 0
0.3096 211000 0 1
0.3096 235000 0 0
0.312 212000 0 1
0.312 236000 0 0
0.3128 213000 0 1
0.3128 237000 0 0
0.3136 214000 0 1
0.3136 238000 0 0
0.3144 215000 0 1
0.3144 239000 0 0
0.3152 216000 0 1
0.3152 240000 0 0
0.316 217000 0 1
0.316 241000 0 0
0.3168 218000 0 1
0.3168 242000 0 0
0.3176 219000 0 1
0.3176 243000 0 0
0.3184 220000 0 1
0.3184 244000 0 0
0.3192 221000 0 1
0.3192 245000 0 0
0.32 222000 0 1
0.32 246000 0 0
0.32 247000 0 0
0.3208 223000 0 1
0.3208 248000 0 0
0.3216 224000 0 1
0.3216 249000 0 0
0.3224 225000 0 1
0.3224 250000 0 0
0.3232 226000 0 1
0.3232 251000 0 0
0.324 227000 0 1
0.324 252000 0 0
0.3248 228000 0 1
0.3248 253000 0 0
0.3256 229000 0 1
0.3256 254000 0 0
0.3264 230000 0 1
0.3264 255000 0 0
0.3272 231000 0 1
0.3272 256000 0 0
0.328 232000 0 1
0.328 257000 0 0
0.3288 233000 0 1
0.3288 258000 0 0
0.3296 234000 0 1
0.3296 259000 0 0
0.3304 235000 0 1
0.3304 260000 0 0
0.3312 236000 0 1
0.3312 261000 0 0
0.3328 237000 0 1
0.3328 262000 0 0
0.3336 238000 0 1
0.3336 263000 0 0
0.3344 239000 0 1
0.3344 264000 0 0
0.3352 240000 0 1
0.3352 265000 0 0
0.336 241000 0 1
0.336 266000 0 0
0.3368 242000 0 1
0.3368 267000 0 0
0.3376 243000 0 1
0.3376 268000 0 0
0.3384 244000 0 1
0.3384 269000 0 0
0.3392 245000 0 1
0.3392 270000 0 0
0.34 246000 0 1
0.34 271000 0 0
0.3408 247000 0 1
0.3408 272000 0 0
0.3416 248000 0 1
0.3416 273000 0 0
0.3416 274000 0 0
0.3424 249000 0 1
0.3424 275000 0 0
0.3432 250000 0 1
0.3432 276000 0 0
0.344 251000 0 1
0.344 277000 0 0
0.3448 252000 0 1
0.3448 278000 0 0
0.3456 253000 0 1
0.3456 279000 0 0
0.3464 254000 0 1
0.3464 280000 0 0
0.3472 255000 0 1
0.3472 281000 0 0
0.348 256000 0 1
0.348 282000 0 0
0.3488 257000 0 1
0.3488 283000 0 0
0.3496 258000 0 1
0.3496 284000 0 0
0.3504 259000 0 1
0.3504 285000 0 0
0.3512 260000 0 1
0.3512 286000 0 0
0.352 261000 0 1
0.352 287000 0 0
0.3528 262000 0 1
0.3528 288000 0 0
0.3536 263000 0 1
0.3536 289000 0 0
0.3544 264000 0 1
0.3544 290000 0 0
0.3552 265000 0 1
0.3552 291000 0 0
0.356 266000 0 1
0.356 292000 0 0
0.3568 267000 0 1
0.3568 293000 0 0
0.3576 268000 0 1
0.3576 294000 0 0
0.3584 269000 0 1
0.3584 295000 0 0
0.3592 270000 0 1
0.3592 296000 0 0
0.36 271000 0 1
0.36 297000 0 0
0.3608 272000 0 1
0.3608 298000 0 0
0.3616 273000 0 1
0.3616 299000 0 0
0.3624 274000 0 1
0.3624 300000 0 0
0.3632 275000 0 1
0.3632 301000 0 0
0.3632 302000 0 0
0.364 276000 0 1
0.364 303000 0 0
0.3648 277000 0 1
0.3648 304000 0 0
0.3656 278000 0 1
0.3656 305000 0 0
0.3664 279000 0 1
0.3664 306000 0 0
0.3672 280000 0 1
0.3672 307000 0 0
0.368 281000 0 1
0.368 308000 0 0
0.3688 282000 0 1
0.3688 309000 0 0
0.3696 283000 0 1
0.3696 310000 0 0
0.3704 284000 0 1
0.3704 311000 0 0
0.3712 285000 0 1
0.3712 312000 0 0
0.372 286000 0 1
0.372 313000 0 0
0.3728 287000 0 1
0.3728 314000 0 0
0.3736 288000 0 1
0.3736 315000 0 0
0.3744 289000 0 1
0.3744 316000 0 0
0.3752 290000 0 1
0.3752 317000 0 0
0.376 291000 0 1
0.376 318000 0 0
0.3768 292000 0 1
0.3768 319000 0 0
0.3776 293000 0 1
0.3776 320000 0 0
0.3784 294000 0 1
0.3784 321000 0 0
0.3792 295000 0 1
0.3792 322000 0 0
0.38 296000 0 1
0.38 323000 0 0
0.3808 297000 0 1
0.3808 324000 0 0
0.3816 298000 0 1
0.3816 325000 0 0
0.3824 299000 0 1
0.3824 326000 0 0
0.3832 300000 0 1
0.3832 327000 0 0
0.384 301000 0 1
0.384 328000 0 0
0.3848 302000 0 1
0.3848 329000 0 0
0.3856 303000 0 1
0.3856 330000 0 0
0.3864 304000 0 1
0.3864 331000 0 0
0.3864 332000 0 0
0.3872 305000 0 1
0.3872 333000 0 0
0.388 306000 0 1
0.388 334000 0 0
0.3888 307000 0 1
0.3888 335000 0 0
0.3896 308000 0 1
0.3896 336000 0 0
0.3904 309000 0 1
0.3904 337000 0 0
0.3912 310000 0 1
0.3912 338000 0 0
0.392 311000 0 1
0.392 339000 0 0
0.3928 312000 0 1
0.3928 340000 0 0
0.3936 313000 0 1
0.3936 341000 0 0
0.3944 314000 0 1
0.3944 342000 0 0
0.3952 315000 0 1
0.3952 343000 0 0
0.396 316000 0 1
0.396 344000 0 0
0.3968 317000 0 1
0.3968 345000 0 0
0.3976 318000 0 1
0.3976 346000 0 0
0.3984 319000 0 1
0.3984 347000 0 0
0.3992 320000 0 1
0.3992 348000 0 0
0.4 321000 0 1
0.4 349000 0 0
0.4008 322000 0 1
0.4008 350000 0 0
0.4016 323000 0 1
0.4016 351000 0 0
0.4024 324000 0 1
0.4024 352000 0 0
0.4032 325000 0 1
0.4032 353000 0 0
0.404 326000 0 1
0.404 354000 0 0
0.4048 327000 0 1
0.4048 355000 0 0
0.4056 328000 0 1
0.4056 356000 0 0
0.4064 329000 0 1
0.4064 357000 0 0
0.4072 330000 0 1
0.4072 358000 0 0
0.408 331000 0 1
0.408 359000 0 0
0.4088 332000 0 1
0.4088 360000 0 0
0.4096 333000 0 1
0.4096 361000 0 0
0.4096 362000 0 0
0.4104 334000 0 1
0.4104 363000 0 0
0.4112 335000 0 1
0.4112 364000 0 0
0.412 336000 0 1
0.412 365000 0 0
0.4128 337000 0 1
0.4128 366000 0 0
0.4136 338000 0 1
0.4136 367000 0 0
0.4144 339000 0 1
0.4144 368000 0 0
0.4152 340000 0 1
0.4152 369000 0 0
0.416 341000 0 1
0.416 370000 0 0
0.4168 342000 0 1
0.4168 371000 0 0
0.4176 343000 0 1
0.4176 372000 0 0
0.4184 344000 0 1
0.4184 373000 0 0
0.4192 345000 0 1
0.4192 374000 0 0
0.42 346000 0 1
0.42 375000 0 0
0.4208 347000 0 1
0.4208 376000 0 0
0.4216 348000 0 1
0.4216 377000 0 0
0.4224 349000 0 1
0.4224 378000 0 0
0.4232 350000 0 1
0.4232 379000 0 0
0.424 351000 0 1
0.424 380000 0 0
0.4248 352000 0 1
0.4248 381000 0 0
0.4256 353000 0 1
0.4256 382000 0 0
0.4264 354000 0 1
0.4264 383000 0 0
0.4272 355000 0 1
0.4272 384000 0 0
0.428 356000 0 1
0.428 385000 0 0
0.4288 357000 0 1
0.4288 386000 0 0
0.4296 358000 0 1
0.4296 387000 0 0
0.4304 359000 0 1
0.4304 388000 0 0
0.4312 360000 0 1
0.4312 389000 0 0
0.432 361000 0 1
0.432 390000 0 0
0.4328 362000 0 1
0.4328 391000 0 0
0.4336 363000 0 1
0.4336 392000 0 0
0.4344 364000 0 1
0.4344 393000 0 0
0.4344 394000 0 0
0.4352 365000 0 1
0.4352 395000 0 0
0.436 366000 0 1
0.436 396000 0 0
0.4368 367000 0 1
0.4368 397000 0 0
0.4376 368000 0 1
0.4376 398000 0 0
0.4384 369000 0 1
0.4384 399000 0 0
0.4392 370000 0 1
0.4392 400000 0 0
0.44 371000 0 1
0.44 401000 0 0
0.4408 372000 0 1
0.4408 402000 0 0
0.4416 373000 0 1
0.4416 403000 0 0
0.4424 374000 0 1
0.4424 404000 0 0
0.4432 375000 0 1
0.4432 405000 0 0
0.444 376000 0 1
0.444 406000 0 0
0.4448 377000 0 1
0.4448 407000 0 0
0.4456 378000 0 1
0.4456 408000 0 0
0.4464 379000 0 1
0.4464 409000 0 0
0.4472 380000 0 1
0.4472 410000 0 0
0.448 381000 0 1
0.448 411000 0 0
0.4488 382000 0 1
0.4488 412000 0 0
0.4496 383000 0 1
0.4496 413000 0 0
0.4504 384000 0 1
0.4504 414000 0 0
0.4512 385000 0 1
0.4512 415000 0 0
0.452 386000 0 1
0.452 416000 0 0
0.4528 387000 0 1
0.4528 417000 0 0
0.4536 388000 0 1
0.4536 418000 0 0
0.4544 389000 0 1
0.4544 419000 0 0
0.4552 390000 0 1
0.4552 420000 0 0
0.456 391000 0 1
0.456 421000 0 0
0.4568 392000 0 1
0.4568 422000 0 0
0.4576 393000 0 1
0.4576 423000 0 0
0.4584 394000 0 1
0.4584 424000 0 0
0.4592 395000 0 1
0.4592 425000 0 0
0.4592 426000 0 0
0.46 396000 0 1
0.46 427000 0 0
0.4608 397000 0 1
0.4608 428000 0 0
0.4616 398000 0 1
0.4616 429000 0 0
0.4624 399000 0 1
0.4624 430000 0 0
0.4632 400000 0 1
0.4632 431000 0 0
0.464 401000 0 1
0.464 432000 0 0
0.4648 402000 0 1
0.4648 433000 0 0
0.4656 403000 0 1
0.4656 434000 0 0
0.4664 404000 0 1
0.4664 435000 0 0
0.4672 405000 0 1
0.4672 436000 0 0
0.468 406000 0 1
0.468 437000 0 0
0.4688 407000 0 1
0.4688 438000 0 0
0.4696 408000 0 1
0.4696 439000 0 0
0.4704 409000 0 1
0.4704 440000 0 0
0.4712 410000 0 1
0.4712 441000 0 0
0.472 411000 0 1
0.472 442000 0 0
0.4728 412000 0 1
0.4728 443000 0 0
0.4736 413000 0 1
0.4736 444000 0 0
0.4744 414000 0 1
0.4744 445000 0 0
0.4752 415000 0 1
0.4752 446000 0 0
0.476 416000 0 1
0.476 447000 0 0
0.4768 417000 0 1
0.4768 448000 0 0
0.4776 418000 0 1
0.4776 449000 0 0
0.4784 419000 0 1
0.4784 450000 0 0
0.4792 420000 0 1
0.4792 451000 0 0
0.48 421000 0 1
0.48 452000 0 0
0.4808 422000 0 1
0.4808 453000 0 0
0.4816 423000 0 1
0.4816 454000 0 0
0.4824 424000 0 1
0.4824 455000 0 0
0.4832 425000 0 1
0.4832 456000 0 0
0.484 426000 0 1
0.484 457000 0 0
0.4848 427000 0 1
0.4848 458000 0 0
0.4848 459000 0 0
0.4856 428000 0 1
0.4856 460000 0 0
0.4864 429000 0 1
0.4864 461000 0 0
0.4872 430000 0 1
0.4872 462000 0 0
0.488 431000 0 1
0.488 463000 0 0
0.4888 432000 0 1
0.4888 464000 0 0
0.4896 433000 0 1
0.4896 465000 0 0
0.4904 434000 0 1
0.4904 466000 0 0
0.4912 435000 0 1
0.4912 467000 0 0
0.492 436000 0 1
0.492 468000 0 0
0.4928 437000 0 1
0.4928 469000 0 0
0.4936 438000 0 1
0.4936 470000 0 0
0.4944 439000 0 1
0.4944 471000 0 0
0.4952 440000 0 1
0.4952 472000 0 0
0.496 441000 0 1
0.496 473000 0 0
0.4968 442000 0 1
0.4968 474000 0 0
0.4976 443000 0 1
0.4976 475000 0 0
0.4984 444000 0 1
0.4984 476000 0 0
0.4992 445000 0 1
0.4992 477000 0 0
0.5 446000 0 1
0.5 478000 0 0
0.5008 447000 0 1
0.5008 479000 0 0
0.5016 448000 0 1
0.5016 480000 0 0
0.5024 449000 0 1
0.5024 481000 0 0
0.5032 450000 0 1
0.5032 482000 0 0
0.504 451000 0 1
0.504 483000 0 0
0.5048 452000 0 1
0.5048 484000 0 0
0.5056 453000 0 1
0.5056 485000 0 0
0.5064 454000 0 1
0.5064 486000 0 0
0.5072 455000 0 1
0.5072 487000 0 0
0.508 456000 0 1
0.508 488000 0 0
0.5088 457000 0 1
0.5088 489000 0 0
0.5096 458000 0 1
0.5096 490000 0 0
0.5104 459000 0 1
0.5104 491000 0 0
0.5112 460000 0 1
0.5112 492000 0 0
0.512 461000 0 1
0.512 493000 0 0
0.512 494000 0 0
0.5128 462000 0 1
0.5128 495000 0 0
0.5136 463000 0 1
0.5136 496000 0 0
0.5144 464000 0 1
0.5144 497000 0 0
0.5152 465000 0 1
0.5152 498000 0 0
0.516 466000 0 1
0.516 499000 0 0
0.5168 467000 0 1
0.5168 500000 0 0
0.5176 468000 0 1
0.5176 501000 0 0
0.5184 469000 0 1
0.5184 502000 0 0
0.5192 470000 0 1
0.5192 503000 0 0
0.52 471000 0 1
0.52 504000 0 0
0.5208 472000 0 1
0.5208 505000 0 0
0.5216 473000 0 1
0.5216 506000 0 0
0.5224 474000 0 1
0.5224 507000 0 0
0.5232 475000 0 1
0.5232 508000 0 0
0.524 476000 0 1
0.524 509000 0 0
0.5248 477000 0 1
0.5248 510000 0 0
0.5256 478000 0 1
0.5256 511000 0 0
0.5264 479000 0 1
0.5264 512000 0 0
0.5272 480000 0 1
0.5272 513000 0 0
0.528 481000 0 1
0.528 514000 0 0
0.5288 482000 0 1
0.5288 515000 0 0
0.5296 483000 0 1
0.5296 516000 0 0
0.5304 484000 0 1
0.5304 517000 0 0
0.5312 485000 0 1
0.5312 518000 0 0
0.532 486000 0 1
0.532 519000 0 0
0.5328 487000 0 1
0.5328 520000 0 0
0.5336 488000 0 1
0.5336 521000 0 0
0.5344 489000 0 1
0.5344 522000 0 0
0.5352 490000 0 1
0.5352 523000 0 0
0.536 491000 0 1
0.536 524000 0 0
0.5368 492000 0 1
0.5368 525000 0 0
0.5376 493000 0 1
0.5376 526000 0 0
0.5384 494000 0 1
0.5384 527000 0 0
0.5392 495000 0 1
0.5392 528000 0 0
0.5392 529000 0 0
0.54 496000 0 1
0.54 530000 0 0
0.5408 497000 0 1
0.5408 531000 0 0
0.5416 498000 0 1
0.5416 532000 0 0
0.5424 499000 0 1
0.5424 533000 0 0
0.5432 500000 0 1
0.5432 534000 0 0
0.544 501000 0 1
0.544 535000 0 0
0.5448 502000 0 1
0.5448 536000 0 0
0.5456 503000 0 1
0.5456 537000 0 0
0.5464 504000 0 1
0.5464 538000 0 0
0.5472 505000 0 1
0.5472 539000 0 0
0.548 506000 0 1
0.548 540000 0 0
0.5488 507000 0 1
0.5488 541000 0 0
0.5496 508000 0 1
0.5496 542000 0 0
0.5504 509000 0 1
0.5504 543000 0 0
0.5512 510000 0 1
0.5512 544000 0 0
0.552 511000 0 1
0.552 545000 0 0
0.5528 512000 0 1
0.5528 546000 0 0
0.5536 513000 0 1
0.5536 547000 0 0
0.5544 514000 0 1
0.5544 548000 0 0
0.5552 515000 0 1
0.5552 549000 0 0
0.556 516000 0 1
0.556 550000 0 0
0.5568 517000 0 1
0.5568 551000 0 0
0.5576 518000 0 1
0.5576 552000 0 0
0.5584 519000 0 1
0.5584 553000 0 0
0.5592 520000 0 1
0.5592 554000 0 0
0.56 521000 0 1
0.56 555000 0 0
0.5608 522000 0 1
0.5608 556000 0 0
0.5616 523000 0 1
0.5616 557000 0 0
0.5624 524000 0 1
0.5624 558000 0 0
0.5632 525000 0 1
0.5632 559000 0 0
0.564 526000 0 1
0.564 560000 0 0
0.5648 527000 0 1
0.5648 561000 0 0
0.5656 528000 0 1
0.5656 562000 0 0
0.5664 529000 0 1
0.5664 563000 0 0
0.5672 530000 0 1
0.5672 564000 0 0
0.568 531000 0 1
0.568 565000 0 0
0.568 566000 0 0
0.5688 532000 0 1
0.5688 567000 0 0
0.5696 533000 0 1
0.5696 568000 0 0
0.5704 534000 0 1
0.5704 569000 0 0
0.5712 535000 0 1
0.5712 570000 0 0
0.572 536000 0 1
0.572 571000 0 0
0.5728 537000 0 1
0.5728 572000 0 0
0.5736 538000 0 1
0.5736 573000 0 0
0.5744 539000 0 1
0.5744 574000 0 0
0.5752 540000 0 1
0.5752 575000 0 0
0.576 541000 0 1
0.576 576000 0 0
0.5768 542000 0 1
0.5768 577000 0 0
0.5776 543000 0 1
0.5776 578000 0 0
0.5784 544000 0 1
0.5784 579000 0 0
0.5792 545000 0 1
0.5792 580000 0 0
0.58 546000 0 1
0.58 581000 0 0
0.5808 547000 0 1
0.5808 582000 0 0
0.5816 548000 0 1
0.5816 583000 0 0
0.5824 549000 0 1
0.5824 584000 0 0
0.5832 550000 0 1
0.5832 585000 0 0
0.584 551000 0 1
0.584 586000 0 0
0.5848 552000 0 1
0.5848 587000 0 0
0.5856 553000 0 1
0.5856 588000 0 0
0.5864 554000 0 1
0.5864 589000 0 0
0.5872 555000 0 1
0.5872 590000 0 0
0.588 556000 0 1
0.588 591000 0 0
0.5888 557000 0 1
0.5888 592000 0 0
0.5896 558000 0 1
0.5896 593000 0 0
0.5904 559000 0 1
0.5904 594000 0 0
0.5912 560000 0 1
0.5912 595000 0 0
0.592 561000 0 1
0.592 596000 0 0
0.5928 562000 0 1
0.5928 597000 0 0
0.5936 563000 0 1
0.5936 598000 0 0
0.5944 564000 0 1
0.5944 599000 0 0
0.5952 565000 0 1
0.5952 600000 0 0
0.596 566000 0 1
0.596 601000 0 0
0.5968 567000 0 1
0.5968 602000 0 0
0.5976 568000 0 1
0.5976 603000 0 0
0.5976 604000 0 0
0.5984 569000 0 1
0.5984 605000 0 0
0.5992 570000 0 1
0.5992 606000 0 0
0.6 571000 0 1
0.6 607000 0 0
0.6008 572000 0 1
0.6008 608000 0 0
0.6016 573000 0 1
0.6016 609000 0 0
0.6024 574000 0 1
0.6024 610000 0 0
0.6032 575000 0 1
0.6032 611000 0 0
0.604 576000 0 1
0.604 612000 0 0
0.6048 577000 0 1
0.6048 613000 0 0
0.6056 578000 0 1
0.6056 614000 0 0
0.6064 579000 0 1
0.6064 615000 0 0
0.6072 580000 0 1
0.6072 616000 0 0
0.608 581000 0 1
0.608 617000 0 0
0.6088 582000 0 1
0.6088 618000 0 0
0.6096 583000 0 1
0.6096 619000 0 0
0.6104 584000 0 1
0.6104 620000 0 0
0.6112 585000 0 1
0.6112 621000 0 0
0.612 586000 0 1
0.612 622000 0 0
0.6128 587000 0 1
0.6128 623000 0 0
0.6136 588000 0 1
0.6136 624000 0 0
0.6144 589000 0 1
0.6144 625000 0 0
0.6152 590000 0 1
0.6152 626000 0 0
0.616 591000 0 1
0.616 627000 0 0
0.6168 592000 0 1
0.6168 628000 0 0
0.6176 593000 0 1
0.6176 629000 0 0
0.6184 594000 0 1
0.6184 630000 0 0
0.6192 595000 0 1
0.6192 631000 0 0
0.62 596000 0 1
0.62 632000 0 0
0.6208 597000 0 1
0.6208 633000 0 0
0.6216 598000 0 1
0.6216 634000 0 0
0.6224 599000 0 1
0.6224 635000 0 0
0.6232 600000 0 1
0.6232 636000 0 0
0.624 601000 0 1
0.624 637000 0 0
0.6248 602000 0 1
0.6248 638000 0 0
0.6256 603000 0 1
0.6256 639000 0 0
0.6264 604000 0 1
0.6264 640000 0 0
0.6272 605000 0 1
0.6272 641000 0 0
0.6272 642000 0 0
0.628 606000 0 1
0.628 643000 0 0
0.6288 607000 0 1
0.6288 644000 0 0
0.6296 608000 0 1
0.6296 645000 0 0
0.6304 609000 0 1
0.6304 646000 0 0
0.6312 610000 0 1
0.6312 647000 0 0
0.632 611000 0 1
0.632 648000 0 0
0.6328 612000 0 1
0.6328 649000 0 0
0.6336 613000 0 1
0.6336 650000 0 0
0.6344 614000 0 1
0.6344 651000 0 0
0.6352 615000 0 1
0.6352 652000 0 0
0.636 616000 0 1
0.636 653000 0 0
0.6368 617000 0 1
0.6368 654000 0 0
0.6376 618000 0 1
0.6376 655000 0 0
0.6384 619000 0 1
0.6384 656000 0 0
0.6392 620000 0 1
0.6392 657000 0 0
0.64 621000 0 1
0.64 658000 0 0
0.6408 622000 0 1
0.6408 659000 0 0
0.6416 623000 0 1
0.6416 660000 0 0
0.6424 624000 0 1
0.6424 661000 0 0
0.6432 625000 0 1
0.6432 662000 0 0
0.644 626000 0 1
0.644 663000 0 0
0.6448 627000 0 1
0.6448 664000 0 0
0.6456 628000 0 1
0.6456 665000 0 0
0.6464 629000 0 1
0.6464 666000 0 0
0.6472 630000 0 1
0.6472 667000 0 0
0.648 631000 0 1
0.648 668000 0 0
0.6488 632000 0 1
0.6488 669000 0 0
0.6496 633000 0 1
0.6496 670000 0 0
0.6504 634000 0 1
0.6504 671000 0 0
0.6512 635000 0 1
0.6512 672000 0 0
0.652 636000 0 1
0.652 673000 0 0
0.6528 637000 0 1
0.6528 674000 0 0
0.6536 638000 0 1
0.6536 675000 0 0
0.6544 639000 0 1
0.6544 676000 0 0
0.6552 640000 0 1
0.6552 677000 0 0
0.656 641000 0 1
0.656 678000 0 0
0.6568 642000 0 1
0.6568 679000 0 0
0.6576 643000 0 1
0.6576 680000 0 0
0.6576 681000 0 0
0.6584 644000 0 1
0.6584 682000 0 0
0.6592 645000 0 1
0.6592 683000 0 0
0.66 646000 0 1
0.66 684000 0 0
0.6608 647000 0 1
0.6608 685000 0 0
0.6616 648000 0 1
0.6616 686000 0 0
0.6624 649000 0 1
0.6624 687000 0 0
0.6632 650000 0 1
0.6632 688000 0 0
0.664 651000 0 1
0.664 689000 0 0
0.6648 652000 0 1
0.6648 690000 0 0
0.6656 653000 0 1
0.6656 691000 0 0
0.6664 654000 0 1
0.6664 692000 0 0
0.6672 655000 0 1
0.6672 693000 0 0
0.668 656000 0 1
0.668 694000 0 0
0.6688 657000 0 1
0.6688 695000 0 0
0.6696 658000 0 1
0.6696 696000 0 0
0.6704 659000 0 1
0.6704 697000 0 0
0.6712 660000 0 1
0.6712 698000 0 0
0.672 661000 0 1
0.672 699000 0 0
0.6728 662000 0 1
0.6728 700000 0 0
0.6736 663000 0 1
0.6736 701000 0 0
0.6744 664000 0 1
0.6744 702000 0 0
0.6752 665000 0 1
0.6752 703000 0 0
0.676 666000 0 1
0.676 704000 0 0
0.6768 667000 0 1
0.6768 705000 0 0
0.6776 668000 0 1
0.6776 706000 0 0
0.6784 669000 0 1
0.6784 707000 0 0
0.6792 670000 0 1
0.6792 708000 0 0
0.68 671000 0 1
0.68 709000 0 0
0.6808 672000 0 1
0.6808 710000 0 0
0.6816 673000 0 1
0.6816 711000 0 0
0.6824 674000 0 1
0.6824 712000 0 0
0.6832 675000 0 1
0.6832 713000 0 0
0.684 676000 0 1
0.684 714000 0 0
0.6848 677000 0 1
0.6848 715000 0 0
0.6856 678000 0 1
0.6856 716000 0 0
0.6864 679000 0 1
0.6864 717000 0 0
0.6872 680000 0 1
0.6872 718000 0 0
0.688 681000 0 1
0.688 719000 0 0
0.6888 682000 0 1
0.6888 720000 0 0
0.6896 683000 0 1
0.6896 721000 0 0
0.6896 722000 0 0
0.6904 684000 0 1
0.6904 723000 0 0
0.6912 685000 0 1
0.6912 724000 0 0
0.692 686000 0 1
0.692 725000 0 0
0.6928 687000 0 1
0.6928 726000 0 0
0.6936 688000 0 1
0.6936 727000 0 0
0.6944 689000 0 1
0.6944 728000 0 0
0.6952 690000 0 1
0.6952 729000 0 0
0.696 691000 0 1
0.696 730000 0 0
0.6968 692000 0 1
0.6968 731000 0 0
0.6976 693000 0 1
0.6976 732000 0 0
0.6984 694000 0 1
0.6984 733000 0 0
0.6992 695000 0 1
0.6992 734000 0 0
0.7 696000 0 1
0.7 735000 0 0
0.7008 697000 0 1
0.7008 736000 0 0
0.7016 698000 0 1
0.7016 737000 0 0
0.7024 699000 0 1
0.7024 738000 0 0
0.7032 700000 0 1
0.7032 739000 0 0
0.704 701000 0 1
0.704 740000 0 0
0.7048 702000 0 1
0.7048 741000 0 0
0.7056 703000 0 1
0.7056 742000 0 0
0.7064 704000 0 1
0.7064 743000 0 0
0.7072 705000 0 1
0.7072 744000 0 0
0.708 706000 0 1
0.708 745000 0 0
0.7088 707000 0 1
0.7088 746000 0 0
0.7096 708000 0 1
0.7096 747000 0 0
0.7104 709000 0 1
0.7104 748000 0 0
0.7112 710000 0 1
0.7112 749000 0 0
0.712 711000 0 1
0.712 750000 0 0
0.7128 712000 0 1
0.7128 751000 0 0
0.7136 713000 0 1
0.7136 752000 0 0
0.7144 714000 0 1
0.7144 753000 0 0
0.7152 715000 0 1
0.7152 754000 0 0
0.716 716000 0 1
0.716 755000 0 0
0.7168 717000 0 1
0.7168 756000 0 0
0.7176 718000 0 1
0.7176 757000 0 0
0.7184 719000 0 1
0.7184 758000 0 0
0.7192 720000 0 1
0.7192 759000 0 0
0.72 721000 0 1
0.72 760000 0 0
0.7208 722000 0 1
0.7208 761000 0 0
0.7216 723000 0 1
0.7216 762000 0 0
0.7216 763000 0 0
0.7224 724000 0 1
0.7224 764000 0 0
0.7232 725000 0 1
0.7232 765000 0 0
0.724 726000 0 1
0.724 766000 0 0
0.7248 727000 0 1
0.7248 767000 0 0
0.7256 728000 0 1
0.7256 768000 0 0
0.7264 729000 0 1
0.7264 769000 0 0
0.7272 730000 0 1
0.7272 770000 0 0
0.728 731000 0 1
0.728 771000 0 0
0.7288 732000 0 1
0.7288 772000 0 0
0.7296 733000 0 1
0.7296 773000 0 0
0.7304 734000 0 1
0.7304 774000 0 0
0.7312 735000 0 1
0.7312 775000 0 0
0.732 736000 0 1
0.732 776000 0 0
0.7328 737000 0 1
0.7328 777000 0 0
0.7336 738000 0 1
0.7336 778000 0 0
0.7344 739000 0 1
0.7344 779000 0 0
0.7352 740000 0 1
0.7352 780000 0 0
0.736 741000 0 1
0.736 781000 0 0
0.7368 742000 0 1
0.7368 782000 0 0
0.7376 743000 0 1
0.7376 783000 0 0
0.7384 744000 0 1
0.7384 784000 0 0
0.7392 745000 0 1
0.7392 785000 0 0
0.74 746000 0 1
0.74 786000 0 0
0.7408 747000 0 1
0.7408 787000 0 0
0.7416 748000 0 1
0.7416 788000 0 0
0.7424 749000 0 1
0.7424 789000 0 0
0.7432 750000 0 1
0.7432 790000 0 0
0.744 751000 0 1
0.744 791000 0 0
0.7448 752000 0 1
0.7448 792000 0 0
0.7456 753000 0 1
0.7456 793000 0 0
0.7464 754000 0 1
0.7464 794000 0 0
0.7472 755000 0 1
0.7472 795000 0 0
0.748 756000 0 1
0.748 796000 0 0
0.7488 757000 0 1
0.7488 797000 0 0
0.7496 758000 0 1
0.7496 798000 0 0
0.7504 759000 0 1
0.7504 799000 0 0
0.7512 760000 0 1
0.7512 800000 0 0
0.752 761000 0 1
0.752 801000 0 0
0.7528 762000 0 1
0.7528 802000 0 0
0.7536 763000 0 1
0.7536 803000 0 0
0.7544 764000 0 1
0.7544 804000 0 0
0.7552 765000 0 1
0.7552 805000 0 0
0.7552 806000 0 0
0.756 766000 0 1
0.756 807000 0 0
0.7568 767000 0 1
0.7568 808000 0 0
0.7576 768000 0 1
0.7576 809000 0 0
0.7584 769000 0 1
0.7584 810000 0 0
0.7592 770000 0 1
0.7592 811000 0 0
0.76 771000 0 1
0.76 812000 0 0
0.7608 772000 0 1
0.7608 813000 0 0
0.7616 773000 0 1
0.7616 814000 0 0
0.7624 774000 0 1
0.7624 815000 0 0
0.7632 775000 0 1
0.7632 816000 0 0
0.764 776000 0 1
0.764 817000 0 0
0.7648 777000 0 1
0.7648 818000 0 0
0.7656 778000 0 1
0.7656 819000 0 0
0.7664 779000 0 1
0.7664 820000 0 0
0.7672 780000 0 1
0.7672 821000 0 0
0.768 781000 0 1
0.768 822000 0 0
0.7688 782000 0 1
0.7688 823000 0 0
0.7696 783000 0 1
0.7696 824000 0 0
0.7704 784000 0 1
0.7704 825000 0 0
0.7712 785000 0 1
0.7712 826000 0 0
0.772 786000 0 1
0.772 827000 0 0
0.7728 787000 0 1
0.7728 828000 0 0
0.7736 788000 0 1
0.7736 829000 0 0
0.7744 789000 0 1
0.7744 830000 0 0
0.7752 790000 0 1
0.7752 831000 0 0
0.776 791000 0 1
0.776 832000 0 0
0.7768 792000 0 1
0.7768 833000 0 0
0.7776 793000 0 1
0.7776 834000 0 0
0.7784 794000 0 1
0.7784 835000 0 0
0.7792 795000 0 1
0.7792 836000 0 0
0.78 796000 0 1
0.78 837000 0 0
0.7808 797000 0 1
0.7808 838000 0 0
0.7816 798000 0 1
0.7816 839000 0 0
0.7824 799000 0 1
0.7824 840000 0 0
0.7832 800000 0 1
0.7832 841000 0 0
0.784 801000 0 1
0.784 842000 0 0
0.7848 802000 0 1
0.7848 843000 0 0
0.7856 803000 0 1
0.7856 844000 0 0
0.7864 804000 0 1
0.7864 845000 0 0
0.7872 805000 0 1
0.7872 846000 0 0
0.788 806000 0 1
0.788 847000 0 0
0.7888 807000 0 1
0.7888 848000 0 0
0.7896 808000 0 1
0.7896 849000 0 0
0.7896 850000 0 0
0.7904 809000 0 1
0.7904 851000 0 0
0.7912 810000 0 1
0.7912 852000 0 0
0.792 811000 0 1
0.792 853000 0 0
0.7928 812000 0 1
0.7928 854000 0 0
0.7936 813000 0 1
0.7936 855000 0 0
0.7944 814000 0 1
0.7944 856000 0 0
0.7952 815000 0 1
0.7952 857000 0 0
0.796 816000 0 1
0.796 858000 0 0
0.7968 817000 0 1
0.7968 859000 0 0
0.7976 818000 0 1
0.7976 860000 0 0
0.7984 819000 0 1
0.7984 861000 0 0
0.7992 820000 0 1
0.7992 862000 0 0
0.8 821000 0 1
0.8 863000 0 0
0.8008 822000 0 1
0.8008 864000 0 0
0.8016 823000 0 1
0.8016 865000 0 0
0.8024 824000 0 1
0.8024 866000 0 0
0.8032 825000 0 1
0.8032 867000 0 0
0.804 826000 0 1
0.804 868000 0 0
0.8048 827000 0 1
0.8048 869000 0 0
0.8056 828000 0 1
0.8056 870000 0 0
0.8064 829000 0 1
0.8064 871000 0 0
0.8072 830000 0 1
0.8072 872000 0 0
0.808 831000 0 1
0.808 873000 0 0
0.8088 832000 0 1
0.8088 874000 0 0
0.8096 833000 0 1
0.8096 875000 0 0
0.8104 834000 0 1
0.8104 876000 0 0
0.8112 835000 0 1
0.8112 877000 0 0
0.812 836000 0 1
0.812 878000 0 0
0.8128 837000 0 1
0.8128 879000 0 0
0.8136 838000 0 1
0.8136 880000 0 0
0.8144 839000 0 1
0.8144 881000 0 0
0.8152 840000 0 1
0.8152 882000 0 0
0.816 841000 0 1
0.816 883000 0 0
0.8168 842000 0 1
0.8168 884000 0 0
0.8176 843000 0 1
0.8176 885000 0 0
0.8184 844000 0 1
0.8184 886000 0 0
0.8192 845000 0 1
0.8192 887000 0 0
0.82 846000 0 1
0.82 888000 0 0
0.8208 847000 0 1
0.8208 889000 0 0
0.8216 848000 0 1
0.8216 890000 0 0
0.8224 849000 0 1
0.8224 891000 0 0
0.8232 850000 0 1
0.8232 892000 0 0
0.824 851000 0 1
0.824 893000 0 0
0.8248 852000 0 1
0.8248 894000 0 0
0.8248 895000 0 0
0.8256 853000 0 1
0.8256 896000 0 0
0.8264 854000 0 1
0.8264 897000 0 0
0.8272 855000 0 1
0.8272 898000 0 0
0.828 856000 0 1
0.828 899000 0 0
0.8288 857000 0 1
0.8288 900000 0 0
0.8296 858000 0 1
0.8296 901000 0 0
0.8304 859000 0 1
0.8304 902000 0 0
0.8312 860000 0 1
0.8312 903000 0 0
0.832 861000 0 1
0.832 904000 0 0
0.8328 862000 0 1
0.8328 905000 0 0
0.8336 863000 0 1
0.8336 906000 0 0
0.8344 864000 0 1
0.8344 907000 0 0
0.8352 865000 0 1
0.8352 908000 0 0
0.836 866000 0 1
0.836 909000 0 0
0.8368 867000 0 1
0.8368 910000 0 0
0.8376 868000 0 1
0.8376 911000 0 0
0.8384 869000 0 1
0.8384 912000 0 0
0.8392 870000 0 1
0.8392 913000 0 0
0.84 871000 0 1
0.84 914000 0 0
0.8408 872000 0 1
0.8408 915000 0 0
0.8416 873000 0 1
0.8416 916000 0 0
0.8424 874000 0 1
0.8424 917000 0 0
0.8432 875000 0 1
0.8432 918000 0 0
0.844 876000 0 1
0.844 919000 0 0
0.8448 877000 0 1
0.8448 920000 0 0
0.8456 878000 0 1
0.8456 921000 0 0
0.8464 879000 0 1
0.8464 922000 0 0
0.8472 880000 0 1
0.8472 923000 0 0
0.848 881000 0 1
0.848 924000 0 0
0.8488 882000 0 1
0.8488 925000 0 0
0.8496 883000 0 1
0.8496 926000 0 0
0.8504 884000 0 1
0.8504 927000 0 0
0.8512 885000 0 1
0.8512 928000 0 0
0.852 886000 0 1
0.852 929000 0 0
0.8528 887000 0 1
0.8528 930000 0 0
0.8536 888000 0 1
0.8536 931000 0 0
0.8544 889000 0 1
0.8544 932000 0 0
0.8552 890000 0 1
0.8552 933000 0 0
0.856 891000 0 1
0.856 934000 0 0
0.8568 892000 0 1
0.8568 935000 0 0
0.8576 893000 0 1
0.8576 936000 0 0
0.8584 894000 0 1
0.8584 937000 0 0
0.8592 895000 0 1
0.8592 938000 0 0
0.86 896000 0 1
0.86 939000 0 0
0.8608 897000 0 1
0.8608 940000 0 0
0.8608 941000 0 0
0.8616 898000 0 1
0.8616 942000 0 0
0.8624 899000 0 1
0.8624 943000 0 0
0.8632 900000 0 1
0.8632 944000 0 0
0.864 901000 0 1
0.864 945000 0 0
0.8648 902000 0 1
0.8648 946000 0 0
0.8656 903000 0 1
0.8656 947000 0 0
0.8664 904000 0 1
0.8664 948000 0 0
0.8672 905000 0 1
0.8672 949000 0 0
0.868 906000 0 1
0.868 950000 0 0
0.8688 907000 0 1
0.8688 951000 0 0
0.8696 908000 0 1
0.8696 952000 0 0
0.8704 909000 0 1
0.8704 953000 0 0
0.8712 910000 0 1
0.8712 954000 0 0
0.872 911000 0 1
0.872 955000 0 0
0.8728 912000 0 1
0.8728 956000 0 0
0.8736 913000 0 1
0.8736 957000 0 0
0.8744 914000 0 1
0.8744 958000 0 0
0.8752 915000 0 1
0.8752 959000 0 0
0.876 916000 0 1
0.876 960000 0 0
0.8768 917000 0 1
0.8768 961000 0 0
0.8776 918000 0 1
0.8776 962000 0 0
0.8784 919000 0 1
0.8784 963000 0 0
0.8792 920000 0 1
0.8792 964000 0 0
0.88 921000 0 1
0.88 965000 0 0
0.8808 922000 0 1
0.8808 966000 0 0
0.8816 923000 0 1
0.8816 967000 0 0
0.8824 924000 0 1
0.8824 968000 0 0
0.8832 925000 0 1
0.8832 969000 0 0
0.884 926000 0 1
0.884 970000 0 0
0.8848 927000 0 1
0.8848 971000 0 0
0.8856 928000 0 1
0.8856 972000 0 0
0.8864 929000 0 1
0.8864 973000 0 0
0.8872 930000 0 1
0.8872 974000 0 0
0.888 931000 0 1
0.888 975000 0 0
0.8888 932000 0 1
0.8888 976000 0 0
0.8896 933000 0 1
0.8896 977000 0 0
0.8904 934000 0 1
0.8904 978000 0 0
0.8912 935000 0 1
0.8912 979000 0 0
0.892 936000 0 1
0.892 980000 0 0
0.8928 937000 0 1
0.8928 981000 0 0
0.8936 938000 0 1
0.8936 982000 0 0
0.8944 939000 0 1
0.8944 983000 0 0
0.8952 940000 0 1
0.8952 984000 0 0
0.896 941000 0 1
0.896 985000 0 0
0.8968 942000 0 1
0.8968 986000 0 0
0.8976 943000 0 1
0.8976 987000 0 0
0.8976 988000 0 0
0.8984 944000 0 1
0.8984 989000 0 0
0.8992 945000 0 1
0.8992 990000 0 0
0.9 946000 0 1
0.9 991000 0 0
0.9008 947000 0 1
0.9008 992000 0 0
0.9016 948000 0 1
0.9016 993000 0 0
0.9024 949000 0 1
0.9024 994000 0 0
0.9032 950000 0 1
0.9032 995000 0 0
0.904 951000 0 1
0.904 996000 0 0
0.9048 952000 0 1
0.9048 997000 0 0
0.9056 953000 0 1
0.9056 998000 0 0
0.9064 954000 0 1
0.9064 999000 0 0
0.9072 955000 0 1
0.9072 1000000 0 0
0.908 956000 0 1
0.908 1001000 0 0
0.9088 957000 0 1
0.9088 1002000 0 0
0.9096 958000 0 1
0.9096 1003000 0 0
0.9104 959000 0 1
0.9104 1004000 0 0
0.9112 960000 0 1
0.9112 1005000 0 0
0.912 961000 0 1
0.912 1006000 0 0
0.9128 962000 0 1
0.9128 1007000 0 0
0.9136 963000 0 1
0.9136 1008000 0 0
0.9144 964000 0 1
0.9144 1009000 0 0
0.9152 965000 0 1
0.9152 1010000 0 0
0.916 966000 0 1
0.916 1011000 0 0
0.9168 967000 0 1
0.9168 1012000 0 0
0.9176 968000 0 1
0.9176 1013000 0 0
0.9184 969000 0 1
0.9184 1014000 0 0
0.9192 970000 0 1
0.9192 1015000 0 0
0.92 971000 0 1
0.92 1016000 0 0
0.9208 972000 0 1
0.9208 1017000 0 0
0.9216 973000 0 1
0.9216 1018000 0 0
0.9224 974000 0 1
0.9224 1019000 0 0
0.9232 975000 0 1
0.9232 1020000 0 0
0.924 976000 0 1
0.924 1021000 0 0
0.9248 977000 0 1
0.9248 1022000 0 0
0.9256 978000 0 1
0.9256 1023000 0 0
0.9264 979000 0 1
0.9264 1024000 0 0
0.9272 980000 0 1
0.9272 1025000 0 0
0.928 981000 0 1
0.928 1026000 0 0
0.9288 982000 0 1
0.9288 1027000 0 0
0.9296 983000 0 1
0.9296 1028000 0 0
0.9304 984000 0 1
0.9304 1029000 0 0
0.9312 985000 0 1
0.9312 1030000 0 0
0.932 986000 0 1
0.932 1031000 0 0
0.9328 987000 0 1
0.9328 1032000 0 0
0.9336 988000 0 1
0.9336 1033000 0 0
0.9344 989000 0 1
0.9344 1034000 0 0
0.9352 990000 0 1
0.9352 1035000 0 0
0.9352 1036000 0 0
0.936 991000 0 1
0.936 1037000 0 0
0.9368 992000 0 1
0.9368 1038000 0 0
0.9376 993000 0 1
0.9376 1039000 0 0
0.9384 994000 0 1
0.9384 1040000 0 0
0.9392 995000 0 1
0.9392 1041000 0 0
0.94 996000 0 1
0.94 1042000 0 0
0.9408 997000 0 1
0.9408 1043000 0 0
0.9416 998000 0 1
0.9416 1044000 0 0
0.9424 999000 0 1
0.9424 1045000 0 0
0.9432 1000000 0 1
0.9432 1046000 0 0
0.944 1001000 0 1
0.944 1047000 0 0
0.9448 1002000 0 1
0.9448 1048000 0 0
0.9456 1003000 0 1
0.9456 1049000 0 0
0.9464 1004000 0 1
0.9464 1050000 0 0
0.9472 1005000 0 1
0.9472 1051000 0 0
0.948 1006000 0 1
0.948 1052000 0 0
0.9488 1007000 0 1
0.9488 1053000 0 0
0.9496 1008000 0 1
0.9496 1054000 0 0
0.9504 1009000 0 1
0.9504 1055000 0 0
0.9512 1010000 0 1
0.9512 1056000 0 0
0.952 1011000 0 1
0.952 1057000 0 0
0.9528 1012000 0 1
0.9528 1058000 0 0
0.9536 1013000 0 1
0.9536 1059000 0 0
0.9544 1014000 0 1
0.9544 1060000 0 0
0.9552 1015000 0 1
0.9552 1061000 0 0
0.956 1016000 0 1
0.956 1062000 0 0
0.9568 1017000 0 1
0.9568 1063000 0 0
0.9576 1018000 0 1
0.9576 1064000 0 0
0.9584 1019000 0 1
0.9584 1065000 0 0
0.9592 1020000 0 1
0.9592 1066000 0 0
0.96 1021000 0 1
0.96 1067000 0 0
0.9608 1022000 0 1
0.9608 1068000 0 0
0.9616 1023000 0 1
0.9616 1069000 0 0
0.9624 1024000 0 1
0.9624 1070000 0 0
0.9632 1025000 0 1
0.9632 1071000 0 0
0.964 1026000 0 1
0.964 1072000 0 0
0.9648 1027000 0 1
0.9648 1073000 0 0
0.9656 1028000 0 1
0.9656 1074000 0 0
0.9664 1029000 0 1
0.9664 1075000 0 0
0.9672 1030000 0 1
0.9672 1076000 0 0
0.968 1031000 0 1
0.968 1077000 0 0
0.9688 1032000 0 1
0.9688 1078000 0 0
0.9696 1033000 0 1
0.9696 1079000 0 0
0.9704 1034000 0 1
0.9704 1080000 0 0
0.9712 1035000 0 1
0.9712 1081000 0 0
0.972 1036000 0 1
0.972 1082000 0 0
0.9728 1037000 0 1
0.9728 1083000 0 0
0.9736 1038000 0 1
0.9736 1084000 0 0
0.9736 1085000 0 0
0.9744 1039000 0 1
0.9744 1086000 0 0
0.9752 1040000 0 1
0.9752 1087000 0 0
0.976 1041000 0 1
0.976 1088000 0 0
0.9768 1042000 0 1
0.9768 1089000 0 0
0.9776 1043000 0 1
0.9776 1090000 0 0
0.9784 1044000 0 1
0.9784 1091000 0 0
0.9792 1045000 0 1
0.9792 1092000 0 0
0.98 1046000 0 1
0.98 1093000 0 0
0.9808 1047000 0 1
0.9808 1094000 0 0
0.9816 1048000 0 1
0.9816 1095000 0 0
0.9824 1049000 0 1
0.9824 1096000 0 0
0.9832 1050000 0 1
0.9832 1097000 0 0
0.984 1051000 0 1
0.984 1098000 0 0
0.9848 1052000 0 1
0.9848 1099000 0 0
0.9856 1053000 0 1
0.9856 1100000 0 0
0.9864 1054000 0 1
0.9864 1101000 0 0
0.9872 1055000 0 1
0.9872 1102000 0 0
0.988 1056000 0 1
0.988 1103000 0 0
0.9888 1057000 0 1
0.9888 1104000 0 0
0.9896 1058000 0 1
0.9896 1105000 0 0
0.9904 1059000 0 1
0.9904 1106000 0 0
0.9912 1060000 0 1
0.9912 1107000 0 0
0.992 1061000 0 1
0.992 1108000 0 0
0.9928 1062000 0 1
0.9928 1109000 0 0
0.9936 1063000 0 1
0.9936 1110000 0 0
0.9944 1064000 0 1
0.9944 1111000 0 0
0.9952 1065000 0 1
0.9952 1112000 0 0
0.996 1066000 0 1
0.996 1113000 0 0
0.9968 1067000 0 1
0.9968 1114000 0 0
0.9976 1068000 0 1
0.9976 1115000 0 0
0.9984 1069000 0 1
0.9984 1116000 0 0
0.9992 1070000 0 1
0.9992 1117000 0 0
1.0 1071000 0 1
1.0 1118000 0 0
1.0008 1072000 0 1
1.0008 1119000 0 0
1.0016 1073000 0 1
1.0016 1120000 0 0
1.0024 1074000 0 1
1.0024 1121000 0 0
1.0032 1075000 0 1
1.0032 1122000 0 0
1.004 1076000 0 1
1.004 1123000 0 0
1.0048 1077000 0 1
1.0048 1124000 0 0
1.0056 1078000 0 1
1.0056 1125000 0 0
1.0064 1079000 0 1
1.0064 1126000 0 0
1.0072 1080000 0 1
1.0072 1127000 0 0
1.008 1081000 0 1
1.008 1128000 0 0
1.0088 1082000 0 1
1.0088 1129000 0 0
1.0096 1083000 0 1
1.0096 1130000 0 0
1.0104 1084000 0 1
1.0104 1131000 0 0
1.0112 1085000 0 1
1.0112 1132000 0 0
1.012 1086000 0 1
1.012 1133000 0 0
1.0128 1087000 0 1
1.0128 1134000 0 0
1.0136 1088000 0 1
1.0136 1135000 0 0
1.0136 1136000 0 0
1.0144 1089000 0 1
1.0144 1137000 0 0
1.0152 1090000 0 1
1.0152 1138000 0 0
1.016 1091000 0 1
1.016 1139000 0 0
1.0168 1092000 0 1
1.0168 1140000 0 0
1.0176 1093000 0 1
1.0176 1141000 0 0
1.0184 1094000 0 1
1.0184 1142000 0 0
1.0192 1095000 0 1
1.0192 1143000 0 0
1.02 1096000 0 1
1.02 1144000 0 0
1.0208 1097000 0 1
1.0208 1145000 0 0
1.0216 1098000 0 1
1.0216 1146000 0 0
1.0224 1099000 0 1
1.0224 1147000 0 0
1.0232 1100000 0 1
1.0232 1148000 0 0
1.024 1101000 0 1
1.024 1149000 0 0
1.0248 1102000 0 1
1.0248 1150000 0 0
1.0256 1103000 0 1
1.0256 1151000 0 0
1.0264 1104000 0 1
1.0264 1152000 0 0
1.0272 1105000 0 1
1.0272 1153000 0 0
1.028 1106000 0 1
1.028 1154000 0 0
1.0288 1107000 0 1
1.0288 1155000 0 0
1.0296 1108000 0 1
1.0296 1156000 0 0
1.0304 1109000 0 1
1.0304 1157000 0 0
1.0312 1110000 0 1
1.0312 1158000 0 0
1.032 1111000 0 1
1.032 1159000 0 0
1.0328 1112000 0 1
1.0328 1160000 0 0
1.0336 1113000 0 1
1.0336 1161000 0 0
1.0344 1114000 0 1
1.0344 1162000 0 0
1.0352 1115000 0 1
1.0352 1163000 0 0
1.036 1116000 0 1
1.036 1164000 0 0
1.0368 1117000 0 1
1.0368 1165000 0 0
1.0376 1118000 0 1
1.0376 1166000 0 0
1.0384 1119000 0 1
1.0384 1167000 0 0
1.0392 1120000 0 1
1.0392 1168000 0 0
1.04 1121000 0 1
1.04 1169000 0 0
1.0408 1122000 0 1
1.0408 1170000 0 0
1.0416 1123000 0 1
1.0416 1171000 0 0
1.0424 1124000 0 1
1.0424 1172000 0 0
1.0432 1125000 0 1
1.0432 1173000 0 0
1.044 1126000 0 1
1.044 1174000 0 0
1.0448 1127000 0 1
1.0448 1175000 0 0
1.0456 1128000 0 1
1.0456 1176000 0 0
1.0464 1129000 0 1
1.0464 1177000 0 0
1.0472 1130000 0 1
1.0472 1178000 0 0
1.048 1131000 0 1
1.048 1179000 0 0
1.0488 1132000 0 1
1.0488 1180000 0 0
1.0496 1133000 0 1
1.0496 1181000 0 0
1.0504 1134000 0 1
1.0504 1182000 0 0
1.0512 1135000 0 1
1.0512 1183000 0 0
1.052 1136000 0 1
1.052 1184000 0 0
1.0528 1137000 0 1
1.0528 1185000 0 0
1.0536 1138000 0 1
1.0536 1186000 0 0
1.0536 1187000 0 0
1.0544 1139000 0 1
1.0544 1188000 0 0
1.0552 1140000 0 1
1.0552 1189000 0 0
1.056 1141000 0 1
1.056 1190000 0 0
1.0568 1142000 0 1
1.0568 1191000 0 0
1.0576 1143000 0 1
1.0576 1192000 0 0
1.0584 1144000 0 1
1.0584 1193000 0 0
1.0592 1145000 0 1
1.0592 1194000 0 0
1.06 1146000 0 1
1.06 1195000 0 0
1.0608 1147000 0 1
1.0608 1196000 0 0
1.0616 1148000 0 1
1.0616 1197000 0 0
1.0624 1149000 0 1
1.0624 1198000 0 0
1.0632 1150000 0 1
1.0632 1199000 0 0
1.064 1151000 0 1
1.064 1200000 0 0
1.0648 1152000 0 1
1.0648 1201000 0 0
1.0656 1153000 0 1
1.0656 1202000 0 0
1.0664 1154000 0 1
1.0664 1203000 0 0
1.0672 1155000 0 1
1.0672 1204000 0 0
1.068 1156000 0 1
1.068 1205000 0 0
1.0688 1157000 0 1
1.0688 1206000 0 0
1.0696 1158000 0 1
1.0696 1207000 0 0
1.0704 1159000 0 1
1.0704 1208000 0 0
1.0712 1160000 0 1
1.0712 1209000 0 0
1.072 1161000 0 1
1.072 1210000 0 0
1.0728 1162000 0 1
1.0728 1211000 0 0
1.0736 1163000 0 1
1.0736 1212000 0 0
1.0744 1164000 0 1
1.0744 1213000 0 0
1.0752 1165000 0 1
1.0752 1214000 0 0
1.076 1166000 0 1
1.076 1215000 0 0
1.0768 1167000 0 1
1.0768 1216000 0 0
1.0776 1168000 0 1
1.0776 1217000 0 0
1.0784 1169000 0 1
1.0784 1218000 0 0
1.0792 1170000 0 1
1.0792 1219000 0 0
1.08 1171000 0 1
1.08 1220000 0 0
1.0808 1172000 0 1
1.0808 1221000 0 0
1.0816 1173000 0 1
1.0816 1222000 0 0
1.0824 1174000 0 1
1.0824 1223000 0 0
1.0832 1175000 0 1
1.0832 1224000 0 0
1.084 1176000 0 1
1.084 1225000 0 0
1.0848 1177000 0 1
1.0848 1226000 0 0
1.0856 1178000 0 1
1.0856 1227000 0 0
1.0864 1179000 0 1
1.0864 1228000 0 0
1.0872 1180000 0 1
1.0872 1229000 0 0
1.088 1181000 0 1
1.088 1230000 0 0
1.0888 1182000 0 1
1.0888 1231000 0 0
1.0896 1183000 0 1
1.0896 1232000 0 0
1.0904 1184000 0 1
1.0904 1233000 0 0
1.0912 1185000 0 1
1.0912 1234000 0 0
1.092 1186000 0 1
1.092 1235000 0 0
1.0928 1187000 0 1
1.0928 1236000 0 0
1.0936 1188000 0 1
1.0936 1237000 0 0
1.0936 1238000 0 0
1.0944 1189000 0 1
1.0944 1239000 0 0
1.0952 1190000 0 1
1.0952 1240000 0 0
1.096 1191000 0 1
1.096 1241000 0 0
1.0968 1192000 0 1
1.0968 1242000 0 0
1.0976 1193000 0 1
1.0976 1243000 0 0
1.0984 1194000 0 1
1.0984 1244000 0 0
1.0992 1195000 0 1
1.0992 1245000 0 0
1.1 1196000 0 1
1.1 1246000 0 0
1.1008 1197000 0 1
1.1008 1247000 0 0
1.1016 1198000 0 1
1.1016 1248000 0 0
1.1024 1199000 0 1
1.1024 1249000 0 0
1.1032 1200000 0 1
1.1032 1250000 0 0
1.104 1201000 0 1
1.104 1251000 0 0
1.1048 1202000 0 1
1.1048 1252000 0 0
1.1056 1203000 0 1
1.1056 1253000 0 0
1.1064 1204000 0 1
1.1064 1254000 0 0
1.1072 1205000 0 1
1.1072 1255000 0 0
1.108 1206000 0 1
1.108 1256000 0 0
1.1088 1207000 0 1
1.1088 1257000 0 0
1.1096 1208000 0 1
1.1096 1258000 0 0
1.1104 1209000 0 1
1.1104 1259000 0 0
1.1112 1210000 0 1
1.1112 1260000 0 0
1.112 1211000 0 1
1.112 1261000 0 0
1.1128 1212000 0 1
1.1128 1262000 0 0
1.1136 1213000 0 1
1.1136 1263000 0 0
1.1144 1214000 0 1
1.1144 1264000 0 0
1.1152 1215000 0 1
1.1152 1265000 0 0
1.116 1216000 0 1
1.116 1266000 0 0
1.1168 1217000 0 1
1.1168 1267000 0 0
1.1176 1218000 0 1
1.1176 1268000 0 0
1.1184 1219000 0 1
1.1184 1269000 0 0
1.1192 1220000 0 1
1.1192 1270000 0 0
1.12 1221000 0 1
1.12 1271000 0 0
1.1208 1222000 0 1
1.1208 1272000 0 0
1.1216 1223000 0 1
1.1216 1273000 0 0
1.1224 1224000 0 1
1.1224 1274000 0 0
1.1232 1225000 0 1
1.1232 1275000 0 0
1.124 1226000 0 1
1.124 1276000 0 0
1.1248 1227000 0 1
1.1248 1277000 0 0
1.1256 1228000 0 1
1.1256 1278000 0 0
1.1264 1229000 0 1
1.1264 1279000 0 0
1.1272 1230000 0 1
1.1272 1280000 0 0
1.128 1231000 0 1
1.128 1281000 0 0
1.1288 1232000 0 1
1.1288 1282000 0 0
1.1296 1233000 0 1
1.1296 1283000 0 0
1.1304 1234000 0 1
1.1304 1284000 0 0
1.1312 1235000 0 1
1.1312 1285000 0 0
1.132 1236000 0 1
1.132 1286000 0 0
1.1328 1237000 0 1
1.1328 1287000 0 0
1.1336 1238000 0 1
1.1336 1288000 0 0
1.1344 1239000 0 1
1.1344 1289000 0 0
1.1352 1240000 0 1
1.1352 1290000 0 0
1.1352 1291000 0 0
1.136 1241000 0 1
1.136 1292000 0 0
1.1368 1242000 0 1
1.1368 1293000 0 0
1.1376 1243000 0 1
1.1376 1294000 0 0
1.1384 1244000 0 1
1.1384 1295000 0 0
1.1392 1245000 0 1
1.1392 1296000 0 0
1.14 1246000 0 1
1.14 1297000 0 0
1.1408 1247000 0 1
1.1408 1298000 0 0
1.1416 1248000 0 1
1.1416 1299000 0 0
1.1424 1249000 0 1
1.1424 1300000 0 0
1.1432 1250000 0 1
1.1432 1301000 0 0
1.144 1251000 0 1
1.144 1302000 0 0
1.1448 1252000 0 1
1.1448 1303000 0 0
1.1456 1253000 0 1
1.1456 1304000 0 0
1.1464 1254000 0 1
1.1464 1305000 0 0
1.1472 1255000 0 1
1.1472 1306000 0 0
1.148 1256000 0 1
1.148 1307000 0 0
1.1488 1257000 0 1
1.1488 1308000 0 0
1.1496 1258000 0 1
1.1496 1309000 0 0
1.1504 1259000 0 1
1.1504 1310000 0 0
1.1512 1260000 0 1
1.1512 1311000 0 0
1.152 1261000 0 1
1.152 1312000 0 0
1.1528 1262000 0 1
1.1528 1313000 0 0
1.1536 1263000 0 1
1.1536 1314000 0 0
1.1544 1264000 0 1
1.1544 1315000 0 0
1.1552 1265000 0 1
1.1552 1316000 0 0
1.156 1266000 0 1
1.156 1317000 0 0
1.1568 1267000 0 1
1.1568 1318000 0 0
1.1576 1268000 0 1
1.1576 1319000 0 0
1.1584 1269000 0 1
1.1584 1320000 0 0
1.1592 1270000 0 1
1.1592 1321000 0 0
1.16 1271000 0 1
1.16 1322000 0 0
1.1608 1272000 0 1
1.1608 1323000 0 0
1.1616 1273000 0 1
1.1616 1324000 0 0
1.1624 1274000 0 1
1.1624 1325000 0 0
1.1632 1275000 0 1
1.1632 1326000 0 0
1.164 1276000 0 1
1.164 1327000 0 0
1.1648 1277000 0 1
1.1648 1328000 0 0
1.1656 1278000 0 1
1.1656 1329000 0 0
1.1664 1279000 0 1
1.1664 1330000 0 0
1.1672 1280000 0 1
1.1672 1331000 0 0
1.168 1281000 0 1
1.168 1332000 0 0
1.1688 1282000 0 1
1.1688 1333000 0 0
1.1696 1283000 0 1
1.1696 1334000 0 0
1.1704 1284000 0 1
1.1704 1335000 0 0
1.1712 1285000 0 1
1.1712 1336000 0 0
1.172 1286000 0 1
1.172 1337000 0 0
1.1728 1287000 0 1
1.1728 1338000 0 0
1.1736 1288000 0 1
1.1736 1339000 0 0
1.1744 1289000 0 1
1.1744 1340000 0 0
1.1752 1290000 0 1
1.1752 1341000 0 0
1.176 1291000 0 1
1.176 1342000 0 0
1.1768 1292000 0 1
1.1768 1343000 0 0
1.1776 1293000 0 1
1.1776 1344000 0 0
1.1776 1345000 0 0
1.1784 1294000 0 1
1.1784 1346000 0 0
1.1792 1295000 0 1
1.1792 1347000 0 0
1.18 1296000 0 1
1.18 1348000 0 0
1.1808 1297000 0 1
1.1808 1349000 0 0
1.1816 1298000 0 1
1.1816 1350000 0 0
1.1824 1299000 0 1
1.1824 1351000 0 0
1.1832 1300000 0 1
1.1832 1352000 0 0
1.184 1301000 0 1
1.184 1353000 0 0
1.1848 1302000 0 1
1.1848 1354000 0 0
1.1856 1303000 0 1
1.1856 1355000 0 0
1.1864 1304000 0 1
1.1864 1356000 0 0
1.1872 1305000 0 1
1.1872 1357000 0 0
1.188 1306000 0 1
1.188 1358000 0 0
1.1888 1307000 0 1
1.1888 1359000 0 0
1.1896 1308000 0 1
1.1896 1360000 0 0
1.1904 1309000 0 1
1.1904 1361000 0 0
1.1912 1310000 0 1
1.1912 1362000 0 0
1.192 1311000 0 1
1.192 1363000 0 0
1.1928 1312000 0 1
1.1928 1364000 0 0
1.1936 1313000 0 1
1.1936 1365000 0 0
1.1944 1314000 0 1
1.1944 1366000 0 0
1.1952 1315000 0 1
1.1952 1367000 0 0
1.196 1316000 0 1
1.196 1368000 0 0
1.1968 1317000 0 1
1.1968 1369000 0 0
1.1976 1318000 0 1
1.1976 1370000 0 0
1.1984 1319000 0 1
1.1984 1371000 0 0
1.1992 1320000 0 1
1.1992 1372000 0 0
1.2 1321000 0 1
1.2 1373000 0 0
1.2008 1322000 0 1
1.2008 1374000 0 0
1.2016 1323000 0 1
1.2016 1375000 0 0
1.2024 1324000 0 1
1.2024 1376000 0 0
1.2032 1325000 0 1
1.2032 1377000 0 0
1.204 1326000 0 1
1.204 1378000 0 0
1.2048 1327000 0 1
1.2048 1379000 0 0
1.2056 1328000 0 1
1.2056 1380000 0 0
1.2064 1329000 0 1
1.2064 1381000 0 0
1.2072 1330000 0 1
1.2072 1382000 0 0
1.208 1331000 0 1
1.208 1383000 0 0
1.2088 1332000 0 1
1.2088 1384000 0 0
1.2096 1333000 0 1
1.2096 1385000 0 0
1.2104 1334000 0 1
1.2104 1386000 0 0
1.2112 1335000 0 1
1.2112 1387000 0 0
1.212 1336000 0 1
1.212 1388000 0 0
1.2128 1337000 0 1
1.2128 1389000 0 0
1.2136 1338000 0 1
1.2136 1390000 0 0
1.2144 1339000 0 1
1.2144 1391000 0 0
1.2152 1340000 0 1
1.2152 1392000 0 0
1.216 1341000 0 1
1.216 1393000 0 0
1.2168 1342000 0 1
1.2168 1394000 0 0
1.2176 1343000 0 1
1.2176 1395000 0 0
1.2184 1344000 0 1
1.2184 1396000 0 0
1.2192 1345000 0 1
1.2192 1397000 0 0
1.22 1346000 0 1
1.22 1398000 0 0
1.2208 1347000 0 1
1.2208 1399000 0 0
1.2216 1348000 0 1
1.2216 1400000 0 0
1.2224 1349000 0 1
1.2224 1401000 0 0
1.2224 1402000 0 0
1.2232 1350000 0 1
1.2232 1403000 0 0
1.224 1351000 0 1
1.224 1404000 0 0
1.2248 1352000 0 1
1.2248 1405000 0 0
1.2256 1353000 0 1
1.2256 1406000 0 0
1.2264 1354000 0 1
1.2264 1407000 0 0
1.2272 1355000 0 1
1.2272 1408000 0 0
1.228 1356000 0 1
1.228 1409000 0 0
1.2288 1357000 0 1
1.2288 1410000 0 0
1.2296 1358000 0 1
1.2296 1411000 0 0
1.2304 1359000 0 1
1.2304 1412000 0 0
1.2312 1360000 0 1
1.2312 1413000 0 0
1.232 1361000 0 1
1.232 1414000 0 0
1.2328 1362000 0 1
1.2328 1415000 0 0
1.2336 1363000 0 1
1.2336 1416000 0 0
1.2344 1364000 0 1
1.2344 1417000 0 0
1.2352 1365000 0 1
1.2352 1418000 0 0
1.236 1366000 0 1
1.236 1419000 0 0
1.2368 1367000 0 1
1.2368 1420000 0 0
1.2376 1368000 0 1
1.2376 1421000 0 0
1.2384 1369000 0 1
1.2384 1422000 0 0
1.2392 1370000 0 1
1.2392 1423000 0 0
1.24 1371000 0 1
1.24 1424000 0 0
1.2408 1372000 0 1
1.2408 1425000 0 0
1.2416 1373000 0 1
1.2416 1426000 0 0
1.2424 1374000 0 1
1.2424 1427000 0 0
1.2432 1375000 0 1
1.2432 1428000 0 0
1.244 1376000 0 1
1.244 1429000 0 0
1.2448 1377000 0 1
1.2448 1430000 0 0
1.2456 1378000 0 1
1.2456 1431000 0 0
1.2464 1379000 0 1
1.2464 1432000 0 0
1.2472 1380000 0 1
1.2472 1433000 0 0
1.248 1381000 0 1
1.248 1434000 0 0
1.2488 1382000 0 1
1.2488 1435000 0 0
1.2496 1383000 0 1
1.2496 1436000 0 0
1.2504 1384000 0 1
1.2504 1437000 0 0
1.2512 1385000 0 1
1.2512 1438000 0 0
1.252 1386000 0 1
1.252 1439000 0 0
1.2528 1387000 0 1
1.2528 1440000 0 0
1.2536 1388000 0 1
1.2536 1441000 0 0
1.2544 1389000 0 1
1.2544 1442000 0 0
1.2552 1390000 0 1
1.2552 1443000 0 0
1.256 1391000 0 1
1.256 1444000 0 0
1.2568 1392000 0 1
1.2568 1445000 0 0
1.2576 1393000 0 1
1.2576 1446000 0 0
1.2584 1394000 0 1
1.2584 1447000 0 0
1.2592 1395000 0 1
1.2592 1448000 0 0
1.26 1396000 0 1
1.26 1449000 0 0
1.2608 1397000 0 1
1.2608 1450000 0 0
1.2616 1398000 0 1
1.2616 1451000 0 0
1.2624 1399000 0 1
1.2624 1452000 0 0
1.2632 1400000 0 1
1.2632 1453000 0 0
1.264 1401000 0 1
1.264 1454000 0 0
1.2648 1402000 0 1
1.2648 1455000 0 0
1.2656 1403000 0 1
1.2656 1456000 0 0
1.2664 1404000 0 1
1.2664 1457000 0 0
1.2664 1458000 0 0
1.2672 1405000 0 1
1.2672 1459000 0 0
1.268 1406000 0 1
1.268 1460000 0 0
1.2688 1407000 0 1
1.2688 1461000 0 0
1.2696 1408000 0 1
1.2696 1462000 0 0
1.2704 1409000 0 1
1.2704 1463000 0 0
1.2712 1410000 0 1
1.2712 1464000 0 0
1.272 1411000 0 1
1.272 1465000 0 0
1.2728 1412000 0 1
1.2728 1466000 0 0
1.2736 1413000 0 1
1.2736 1467000 0 0
1.2744 1414000 0 1
1.2744 1468000 0 0
1.2752 1415000 0 1
1.2752 1469000 0 0
1.276 1416000 0 1
1.276 1470000 0 0
1.2768 1417000 0 1
1.2768 1471000 0 0
1.2776 1418000 0 1
1.2776 1472000 0 0
1.2784 1419000 0 1
1.2784 1473000 0 0
1.2792 1420000 0 1
1.2792 1474000 0 0
1.28 1421000 0 1
1.28 1475000 0 0
1.2808 1422000 0 1
1.2808 1476000 0 0
1.2816 1423000 0 1
1.2816 1477000 0 0
1.2824 1424000 0 1
1.2824 1478000 0 0
1.2832 1425000 0 1
1.2832 1479000 0 0
1.284 1426000 0 1
1.284 1480000 0 0
1.2848 1427000 0 1
1.2848 1481000 0 0
1.2856 1428000 0 1
1.2856 1482000 0 0
1.2864 1429000 0 1
1.2864 1483000 0 0
1.2872 1430000 0 1
1.2872 1484000 0 0
1.288 1431000 0 1
1.288 1485000 0 0
1.2888 1432000 0 1
1.2888 1486000 0 0
1.2896 1433000 0 1
1.2896 1487000 0 0
1.2904 1434000 0 1
1.2904 1488000 0 0
1.2912 1435000 0 1
1.2912 1489000 0 0
1.292 1436000 0 1
1.292 1490000 0 0
1.2928 1437000 0 1
1.2928 1491000 0 0
1.2936 1438000 0 1
1.2936 1492000 0 0
1.2944 1439000 0 1
1.2944 1493000 0 0
1.2952 1440000 0 1
1.2952 1494000 0 0
1.296 1441000 0 1
1.296 1495000 0 0
1.2968 1442000 0 1
1.2968 1496000 0 0
1.2976 1443000 0 1
1.2976 1497000 0 0
1.2984 1444000 0 1
1.2984 1498000 0 0
1.2992 1445000 0 1
1.2992 1499000 0 0
1.3 1446000 0 1
1.3 1500000 0 0
1.3008 1447000 0 1
1.3008 1501000 0 0
1.3016 1448000 0 1
1.3016 1502000 0 0
1.3024 1449000 0 1
1.3024 1503000 0 0
1.3032 1450000 0 1
1.3032 1504000 0 0
1.304 1451000 0 1
1.304 1505000 0 0
1.3048 1452000 0 1
1.3048 1506000 0 0
1.3056 1453000 0 1
1.3056 1507000 0 0
1.3064 1454000 0 1
1.3064 1508000 0 0
1.3072 1455000 0 1
1.3072 1509000 0 0
1.308 1456000 0 1
1.308 1510000 0 0
1.3088 1457000 0 1
1.3088 1511000 0 0
1.3096 1458000 0 1
1.3096 1512000 0 0
1.3104 1459000 0 1
1.3104 1513000 0 0
1.3112 1460000 0 1
1.3112 1514000 0 0
1.3112 1515000 0 0
1.312 1461000 0 1
1.312 1516000 0 0
1.3128 1462000 0 1
1.3128 1517000 0 0
1.3136 1463000 0 1
1.3136 1518000 0 0
1.3144 1464000 0 1
1.3144 1519000 0 0
1.3152 1465000 0 1
1.3152 1520000 0 0
1.316 1466000 0 1
1.316 1521000 0 0
1.3168 1467000 0 1
1.3168 1522000 0 0
1.3176 1468000 0 1
1.3176 1523000 0 0
1.3184 1469000 0 1
1.3184 1524000 0 0
1.3192 1470000 0 1
1.3192 1525000 0 0
1.32 1471000 0 1
1.32 1526000 0 0
1.3208 1472000 0 1
1.3208 1527000 0 0
1.3216 1473000 0 1
1.3216 1528000 0 0
1.3224 1474000 0 1
1.3224 1529000 0 0
1.3232 1475000 0 1
1.3232 1530000 0 0
1.324 1476000 0 1
1.324 1531000 0 0
1.3248 1477000 0 1
1.3248 1532000 0 0
1.3256 1478000 0 1
1.3256 1533000 0 0
1.3264 1479000 0 1
1.3264 1534000 0 0
1.3272 1480000 0 1
1.3272 1535000 0 0
1.328 1481000 0 1
1.328 1536000 0 0
1.3288 1482000 0 1
1.3288 1537000 0 0
1.3296 1483000 0 1
1.3296 1538000 0 0
1.3304 1484000 0 1
1.3304 1539000 0 0
1.3312 1485000 0 1
1.3312 1540000 0 0
1.332 1486000 0 1
1.332 1541000 0 0
1.3328 1487000 0 1
1.3328 1542000 0 0
1.3336 1488000 0 1
1.3336 1543000 0 0
1.3344 1489000 0 1
1.3344 1544000 0 0
1.3352 1490000 0 1
1.3352 1545000 0 0
1.336 1491000 0 1
1.336 1546000 0 0
1.3368 1492000 0 1
1.3368 1547000 0 0
1.3376 1493000 0 1
1.3376 1548000 0 0
1.3384 1494000 0 1
1.3384 1549000 0 0
1.3392 1495000 0 1
1.3392 1550000 0 0
1.34 1496000 0 1
1.34 1551000 0 0
1.3408 1497000 0 1
1.3408 1552000 0 0
1.3416 1498000 0 1
1.3416 1553000 0 0
1.3424 1499000 0 1
1.3424 1554000 0 0
1.3432 1500000 0 1
1.3432 1555000 0 0
1.344 1501000 0 1
1.344 1556000 0 0
1.3448 1502000 0 1
1.3448 1557000 0 0
1.3456 1503000 0 1
1.3456 1558000 0 0
1.3464 1504000 0 1
1.3464 1559000 0 0
1.3472 1505000 0 1
1.3472 1560000 0 0
1.348 1506000 0 1
1.348 1561000 0 0
1.3488 1507000 0 1
1.3488 1562000 0 0
1.3496 1508000 0 1
1.3496 1563000 0 0
1.3504 1509000 0 1
1.3504 1564000 0 0
1.3512 1510000 0 1
1.3512 1565000 0 0
1.352 1511000 0 1
1.352 1566000 0 0
1.3528 1512000 0 1
1.3528 1567000 0 0
1.3536 1513000 0 1
1.3536 1568000 0 0
1.3544 1514000 0 1
1.3544 1569000 0 0
1.3552 1515000 0 1
1.3552 1570000 0 0
1.356 1516000 0 1
1.356 1571000 0 0
1.3568 1517000 0 1
1.3568 1572000 0 0
1.3576 1518000 0 1
1.3576 1573000 0 0
1.3576 1574000 0 0
1.3584 1519000 0 1
1.3584 1575000 0 0
1.3592 1520000 0 1
1.3592 1576000 0 0
1.36 1521000 0 1
1.36 1577000 0 0
1.3608 1522000 0 1
1.3608 1578000 0 0
1.3616 1523000 0 1
1.3616 1579000 0 0
1.3624 1524000 0 1
1.3624 1580000 0 0
1.3632 1525000 0 1
1.3632 1581000 0 0
1.364 1526000 0 1
1.364 1582000 0 0
1.3648 1527000 0 1
1.3648 1583000 0 0
1.3656 1528000 0 1
1.3656 1584000 0 0
1.3664 1529000 0 1
1.3664 1585000 0 0
1.3672 1530000 0 1
1.3672 1586000 0 0
1.368 1531000 0 1
1.368 1587000 0 0
1.3688 1532000 0 1
1.3688 1588000 0 0
1.3696 1533000 0 1
1.3696 1589000 0 0
1.3704 1534000 0 1
1.3704 1590000 0 0
1.3712 1535000 0 1
1.3712 1591000 0 0
1.372 1536000 0 1
1.372 1592000 0 0
1.3728 1537000 0 1
1.3728 1593000 0 0
1.3736 1538000 0 1
1.3736 1594000 0 0
1.3744 1539000 0 1
1.3744 1595000 0 0
1.3752 1540000 0 1
1.3752 1596000 0 0
1.376 1541000 0 1
1.376 1597000 0 0
1.3768 1542000 0 1
1.3768 1598000 0 0
1.3776 1543000 0 1
1.3776 1599000 0 0
1.3784 1544000 0 1
1.3784 1600000 0 0
1.3792 1545000 0 1
1.3792 1601000 0 0
1.38 1546000 0 1
1.38 1602000 0 0
1.3808 1547000 0 1
1.3808 1603000 0 0
1.3816 1548000 0 1
1.3816 1604000 0 0
1.3824 1549000 0 1
1.3824 1605000 0 0
1.3832 1550000 0 1
1.3832 1606000 0 0
1.384 1551000 0 1
1.384 1607000 0 0
1.3848 1552000 0 1
1.3848 1608000 0 0
1.3856 1553000 0 1
1.3856 1609000 0 0
1.3864 1554000 0 1
1.3864 1610000 0 0
1.3872 1555000 0 1
1.3872 1611000 0 0
1.388 1556000 0 1
1.388 1612000 0 0
1.3888 1557000 0 1
1.3888 1613000 0 0
1.3896 1558000 0 1
1.3896 1614000 0 0
1.3904 1559000 0 1
1.3904 1615000 0 0
1.3912 1560000 0 1
1.3912 1616000 0 0
1.392 1561000 0 1
1.392 1617000 0 0
1.3928 1562000 0 1
1.3928 1618000 0 0
1.3936 1563000 0 1
1.3936 1619000 0 0
1.3944 1564000 0 1
1.3944 1620000 0 0
1.3952 1565000 0 1
1.3952 1621000 0 0
1.396 1566000 0 1
1.396 1622000 0 0
1.3968 1567000 0 1
1.3968 1623000 0 0
1.3976 1568000 0 1
1.3976 1624000 0 0
1.3984 1569000 0 1
1.3984 1625000 0 0
1.3992 1570000 0 1
1.3992 1626000 0 0
1.4 1571000 0 1
1.4 1627000 0 0
1.4008 1572000 0 1
1.4008 1628000 0 0
1.4016 1573000 0 1
1.4016 1629000 0 0
1.4024 1574000 0 1
1.4024 1630000 0 0
1.4032 1575000 0 1
1.4032 1631000 0 0
1.404 1576000 0 1
1.404 1632000 0 0
1.4048 1577000 0 1
1.4048 1633000 0 0
1.4048 1634000 0 0
1.4056 1578000 0 1
1.4056 1635000 0 0
1.4064 1579000 0 1
1.4064 1636000 0 0
1.4072 1580000 0 1
1.4072 1637000 0 0
1.408 1581000 0 1
1.408 1638000 0 0
1.4088 1582000 0 1
1.4088 1639000 0 0
1.4096 1583000 0 1
1.4096 1640000 0 0
1.4104 1584000 0 1
1.4104 1641000 0 0
1.4112 1585000 0 1
1.4112 1642000 0 0
1.412 1586000 0 1
1.412 1643000 0 0
1.4128 1587000 0 1
1.4128 1644000 0 0
1.4136 1588000 0 1
1.4136 1645000 0 0
1.4144 1589000 0 1
1.4144 1646000 0 0
1.4152 1590000 0 1
1.4152 1647000 0 0
1.416 1591000 0 1
1.416 1648000 0 0
1.4168 1592000 0 1
1.4168 1649000 0 0
1.4176 1593000 0 1
1.4176 1650000 0 0
1.4184 1594000 0 1
1.4184 1651000 0 0
1.4192 1595000 0 1
1.4192 1652000 0 0
1.42 1596000 0 1
1.42 1653000 0 0
1.4208 1597000 0 1
1.4208 1654000 0 0
1.4216 1598000 0 1
1.4216 1655000 0 0
1.4224 1599000 0 1
1.4224 1656000 0 0
1.4232 1600000 0 1
1.4232 1657000 0 0
1.424 1601000 0 1
1.424 1658000 0 0
1.4248 1602000 0 1
1.4248 1659000 0 0
1.4256 1603000 0 1
1.4256 1660000 0 0
1.4264 1604000 0 1
1.4264 1661000 0 0
1.4272 1605000 0 1
1.4272 1662000 0 0
1.428 1606000 0 1
1.428 1663000 0 0
1.4288 1607000 0 1
1.4288 1664000 0 0
1.4296 1608000 0 1
1.4296 1665000 0 0
1.4304 1609000 0 1
1.4304 1666000 0 0
1.4312 1610000 0 1
1.4312 1667000 0 0
1.432 1611000 0 1
1.432 1668000 0 0
1.4328 1612000 0 1
1.4328 1669000 0 0
1.4336 1613000 0 1
1.4336 1670000 0 0
1.4344 1614000 0 1
1.4344 1671000 0 0
1.4352 1615000 0 1
1.4352 1672000 0 0
1.436 1616000 0 1
1.436 1673000 0 0
1.4368 1617000 0 1
1.4368 1674000 0 0
1.4376 1618000 0 1
1.4376 1675000 0 0
1.4384 1619000 0 1
1.4384 1676000 0 0
1.4392 1620000 0 1
1.4392 1677000 0 0
1.44 1621000 0 1
1.44 1678000 0 0
1.4408 1622000 0 1
1.4408 1679000 0 0
1.4416 1623000 0 1
1.4416 1680000 0 0
1.4424 1624000 0 1
1.4424 1681000 0 0
1.4432 1625000 0 1
1.4432 1682000 0 0
1.444 1626000 0 1
1.444 1683000 0 0
1.4448 1627000 0 1
1.4448 1684000 0 0
1.4456 1628000 0 1
1.4456 1685000 0 0
1.4464 1629000 0 1
1.4464 1686000 0 0
1.4472 1630000 0 1
1.4472 1687000 0 0
1.448 1631000 0 1
1.448 1688000 0 0
1.4488 1632000 0 1
1.4488 1689000 0 0
1.4496 1633000 0 1
1.4496 1690000 0 0
1.4504 1634000 0 1
1.4504 1691000 0 0
1.4512 1635000 0 1
1.4512 1692000 0 0
1.452 1636000 0 1
1.452 1693000 0 0
1.452 1694000 0 0
1.4528 1637000 0 1
1.4528 1695000 0 0
1.4536 1638000 0 1
1.4536 1696000 0 0
1.4544 1639000 0 1
1.4544 1697000 0 0
1.4552 1640000 0 1
1.4552 1698000 0 0
1.456 1641000 0 1
1.456 1699000 0 0
1.4568 1642000 0 1
1.4568 1700000 0 0
1.4576 1643000 0 1
1.4576 1701000 0 0
1.4584 1644000 0 1
1.4584 1702000 0 0
1.4592 1645000 0 1
1.4592 1703000 0 0
1.46 1646000 0 1
1.46 1704000 0 0
1.4608 1647000 0 1
1.4608 1705000 0 0
1.4616 1648000 0 1
1.4616 1706000 0 0
1.4624 1649000 0 1
1.4624 1707000 0 0
1.4632 1650000 0 1
1.4632 1708000 0 0
1.464 1651000 0 1
1.464 1709000 0 0
1.4648 1652000 0 1
1.4648 1710000 0 0
1.4656 1653000 0 1
1.4656 1711000 0 0
1.4664 1654000 0 1
1.4664 1712000 0 0
1.4672 1655000 0 1
1.4672 1713000 0 0
1.468 1656000 0 1
1.468 1714000 0 0
1.4688 1657000 0 1
1.4688 1715000 0 0
1.4696 1658000 0 1
1.4696 1716000 0 0
1.4704 1659000 0 1
1.4704 1717000 0 0
1.4712 1660000 0 1
1.4712 1718000 0 0
1.472 1661000 0 1
1.472 1719000 0 0
1.4728 1662000 0 1
1.4728 1720000 0 0
1.4736 1663000 0 1
1.4736 1721000 0 0
1.4744 1664000 0 1
1.4744 1722000 0 0
1.4752 1665000 0 1
1.4752 1723000 0 0
1.476 1666000 0 1
1.476 1724000 0 0
1.4768 1667000 0 1
1.4768 1725000 0 0
1.4776 1668000 0 1
1.4776 1726000 0 0
1.4784 1669000 0 1
1.4784 1727000 0 0
1.4792 1670000 0 1
1.4792 1728000 0 0
1.48 1671000 0 1
1.48 1729000 0 0
1.4808 1672000 0 1
1.4808 1730000 0 0
1.4816 1673000 0 1
1.4816 1731000 0 0
1.4824 1674000 0 1
1.4824 1732000 0 0
1.4832 1675000 0 1
1.4832 1733000 0 0
1.484 1676000 0 1
1.484 1734000 0 0
1.4848 1677000 0 1
1.4848 1735000 0 0
1.4856 1678000 0 1
1.4856 1736000 0 0
1.4864 1679000 0 1
1.4864 1737000 0 0
1.4872 1680000 0 1
1.4872 1738000 0 0
1.488 1681000 0 1
1.488 1739000 0 0
1.4888 1682000 0 1
1.4888 1740000 0 0
1.4896 1683000 0 1
1.4896 1741000 0 0
1.4904 1684000 0 1
1.4904 1742000 0 0
1.4912 1685000 0 1
1.4912 1743000 0 0
1.492 1686000 0 1
1.492 1744000 0 0
1.4928 1687000 0 1
1.4928 1745000 0 0
1.4936 1688000 0 1
1.4936 1746000 0 0
1.4944 1689000 0 1
1.4944 1747000 0 0
1.4952 1690000 0 1
1.4952 1748000 0 0
1.496 1691000 0 1
1.496 1749000 0 0
1.4968 1692000 0 1
1.4968 1750000 0 0
1.4976 1693000 0 1
1.4976 1751000 0 0
1.4984 1694000 0 1
1.4984 1752000 0 0
1.4992 1695000 0 1
1.4992 1753000 0 0
1.5 1696000 0 1
1.5 1754000 0 0
1.5008 1697000 0 1
1.5008 1755000 0 0
1.5016 1698000 0 1
1.5016 1756000 0 0
1.5024 1699000 0 1
1.5024 1757000 0 0
1.5024 1758000 0 0
1.5032 1700000 0 1
1.5032 1759000 0 0
1.504 1701000 0 1
1.504 1760000 0 0
1.5048 1702000 0 1
1.5048 1761000 0 0
1.5056 1703000 0 1
1.5056 1762000 0 0
1.5064 1704000 0 1
1.5064 1763000 0 0
1.5072 1705000 0 1
1.5072 1764000 0 0
1.508 1706000 0 1
1.508 1765000 0 0
1.5088 1707000 0 1
1.5088 1766000 0 0
1.5096 1708000 0 1
1.5096 1767000 0 0
1.5104 1709000 0 1
1.5104 1768000 0 0
1.5112 1710000 0 1
1.5112 1769000 0 0
1.512 1711000 0 1
1.512 1770000 0 0
1.5128 1712000 0 1
1.5128 1771000 0 0
1.5136 1713000 0 1
1.5136 1772000 0 0
1.5144 1714000 0 1
1.5144 1773000 0 0
1.5152 1715000 0 1
1.5152 1774000 0 0
1.516 1716000 0 1
1.516 1775000 0 0
1.5168 1717000 0 1
1.5168 1776000 0 0
1.5176 1718000 0 1
1.5176 1777000 0 0
1.5184 1719000 0 1
1.5184 1778000 0 0
1.5192 1720000 0 1
1.5192 1779000 0 0
1.52 1721000 0 1
1.52 1780000 0 0
1.5208 1722000 0 1
1.5208 1781000 0 0
1.5216 1723000 0 1
1.5216 1782000 0 0
1.5224 1724000 0 1
1.5224 1783000 0 0
1.5232 1725000 0 1
1.5232 1784000 0 0
1.524 1726000 0 1
1.524 1785000 0 0
1.5248 1727000 0 1
1.5248 1786000 0 0
1.5256 1728000 0 1
1.5256 1787000 0 0
1.5264 1729000 0 1
1.5264 1788000 0 0
1.5272 1730000 0 1
1.5272 1789000 0 0
1.528 1731000 0 1
1.528 1790000 0 0
1.5288 1732000 0 1
1.5288 1791000 0 0
1.5296 1733000 0 1
1.5296 1792000 0 0
1.5304 1734000 0 1
1.5304 1793000 0 0
1.5312 1735000 0 1
1.5312 1794000 0 0
1.532 1736000 0 1
1.532 1795000 0 0
1.5328 1737000 0 1
1.5328 1796000 0 0
1.5336 1738000 0 1
1.5336 1797000 0 0
1.5344 1739000 0 1
1.5344 1798000 0 0
1.5352 1740000 0 1
1.5352 1799000 0 0
1.536 1741000 0 1
1.536 1800000 0 0
1.5368 1742000 0 1
1.5368 1801000 0 0
1.5376 1743000 0 1
1.5376 1802000 0 0
1.5384 1744000 0 1
1.5384 1803000 0 0
1.5392 1745000 0 1
1.5392 1804000 0 0
1.54 1746000 0 1
1.54 1805000 0 0
1.5408 1747000 0 1
1.5408 1806000 0 0
1.5416 1748000 0 1
1.5416 1807000 0 0
1.5424 1749000 0 1
1.5424 1808000 0 0
1.5432 1750000 0 1
1.5432 1809000 0 0
1.544 1751000 0 1
1.544 1810000 0 0
1.5448 1752000 0 1
1.5448 1811000 0 0
1.5456 1753000 0 1
1.5456 1812000 0 0
1.5464 1754000 0 1
1.5464 1813000 0 0
1.5472 1755000 0 1
1.5472 1814000 0 0
1.548 1756000 0 1
1.548 1815000 0 0
1.5488 1757000 0 1
1.5488 1816000 0 0
1.5496 1758000 0 1
1.5496 1817000 0 0
1.5504 1759000 0 1
1.5504 1818000 0 0
1.5512 1760000 0 1
1.5512 1819000 0 0
1.552 1761000 0 1
1.552 1820000 0 0
1.552 1821000 0 0
1.5528 1762000 0 1
1.5528 1822000 0 0
1.5536 1763000 0 1
1.5536 1823000 0 0
1.5544 1764000 0 1
1.5544 1824000 0 0
1.5552 1765000 0 1
1.5552 1825000 0 0
1.556 1766000 0 1
1.556 1826000 0 0
1.5568 1767000 0 1
1.5568 1827000 0 0
1.5576 1768000 0 1
1.5576 1828000 0 0
1.5584 1769000 0 1
1.5584 1829000 0 0
1.5592 1770000 0 1
1.5592 1830000 0 0
1.56 1771000 0 1
1.56 1831000 0 0
1.5608 1772000 0 1
1.5608 1832000 0 0
1.5616 1773000 0 1
1.5616 1833000 0 0
1.5624 1774000 0 1
1.5624 1834000 0 0
1.5632 1775000 0 1
1.5632 1835000 0 0
1.564 1776000 0 1
1.564 1836000 0 0
1.5648 1777000 0 1
1.5648 1837000 0 0
1.5656 1778000 0 1
1.5656 1838000 0 0
1.5664 1779000 0 1
1.5664 1839000 0 0
1.5672 1780000 0 1
1.5672 1840000 0 0
1.568 1781000 0 1
1.568 1841000 0 0
1.5688 1782000 0 1
1.5688 1842000 0 0
1.5696 1783000 0 1
1.5696 1843000 0 0
1.5704 1784000 0 1
1.5704 1844000 0 0
1.5712 1785000 0 1
1.5712 1845000 0 0
1.572 1786000 0 1
1.572 1846000 0 0
1.5728 1787000 0 1
1.5728 1847000 0 0
1.5736 1788000 0 1
1.5736 1848000 0 0
1.5744 1789000 0 1
1.5744 1849000 0 0
1.5752 1790000 0 1
1.5752 1850000 0 0
1.576 1791000 0 1
1.576 1851000 0 0
1.5768 1792000 0 1
1.5768 1852000 0 0
1.5776 1793000 0 1
1.5776 1853000 0 0
1.5784 1794000 0 1
1.5784 1854000 0 0
1.5792 1795000 0 1
1.5792 1855000 0 0
1.58 1796000 0 1
1.58 1856000 0 0
1.5808 1797000 0 1
1.5808 1857000 0 0
1.5816 1798000 0 1
1.5816 1858000 0 0
1.5824 1799000 0 1
1.5824 1859000 0 0
1.5832 1800000 0 1
1.5832 1860000 0 0
1.584 1801000 0 1
1.584 1861000 0 0
1.5848 1802000 0 1
1.5848 1862000 0 0
1.5856 1803000 0 1
1.5856 1863000 0 0
1.5864 1804000 0 1
1.5864 1864000 0 0
1.5872 1805000 0 1
1.5872 1865000 0 0
1.588 1806000 0 1
1.588 1866000 0 0
1.5888 1807000 0 1
1.5888 1867000 0 0
1.5896 1808000 0 1
1.5896 1868000 0 0
1.5904 1809000 0 1
1.5904 1869000 0 0
1.5912 1810000 0 1
1.5912 1870000 0 0
1.592 1811000 0 1
1.592 1871000 0 0
1.5928 1812000 0 1
1.5928 1872000 0 0
1.5936 1813000 0 1
1.5936 1873000 0 0
1.5944 1814000 0 1
1.5944 1874000 0 0
1.5952 1815000 0 1
1.5952 1875000 0 0
1.596 1816000 0 1
1.596 1876000 0 0
1.5968 1817000 0 1
1.5968 1877000 0 0
1.5976 1818000 0 1
1.5976 1878000 0 0
1.5984 1819000 0 1
1.5984 1879000 0 0
1.5992 1820000 0 1
1.5992 1880000 0 0
1.6 1821000 0 1
1.6 1881000 0 0
1.6008 1822000 0 1
1.6008 1882000 0 0
1.6016 1823000 0 1
1.6016 1883000 0 0
1.6024 1824000 0 1
1.6024 1884000 0 0
1.6024 1885000 0 0
1.6032 1825000 0 1
1.6032 1886000 0 0
1.604 1826000 0 1
1.604 1887000 0 0
1.6048 1827000 0 1
1.6048 1888000 0 0
1.6056 1828000 0 1
1.6056 1889000 0 0
1.6064 1829000 0 1
1.6064 1890000 0 0
1.6072 1830000 0 1
1.6072 1891000 0 0
1.608 1831000 0 1
1.608 1892000 0 0
1.6088 1832000 0 1
1.6088 1893000 0 0
1.6096 1833000 0 1
1.6096 1894000 0 0
1.6104 1834000 0 1
1.6104 1895000 0 0
1.6112 1835000 0 1
1.6112 1896000 0 0
1.612 1836000 0 1
1.612 1897000 0 0
1.6128 1837000 0 1
1.6128 1898000 0 0
1.6136 1838000 0 1
1.6136 1899000 0 0
1.6144 1839000 0 1
1.6144 1900000 0 0
1.6152 1840000 0 1
1.6152 1901000 0 0
1.616 1841000 0 1
1.616 1902000 0 0
1.6168 1842000 0 1
1.6168 1903000 0 0
1.6176 1843000 0 1
1.6176 1904000 0 0
1.6184 1844000 0 1
1.6184 1905000 0 0
1.6192 1845000 0 1
1.6192 1906000 0 0
1.62 1846000 0 1
1.62 1907000 0 0
1.6208 1847000 0 1
1.6208 1908000 0 0
1.6216 1848000 0 1
1.6216 1909000 0 0
1.6224 1849000 0 1
1.6224 1910000 0 0
1.6232 1850000 0 1
1.6232 1911000 0 0
1.624 1851000 0 1
1.624 1912000 0 0
1.6248 1852000 0 1
1.6248 1913000 0 0
1.6256 1853000 0 1
1.6256 1914000 0 0
1.6264 1854000 0 1
1.6264 1915000 0 0
1.6272 1855000 0 1
1.6272 1916000 0 0
1.628 1856000 0 1
1.628 1917000 0 0
1.6288 1857000 0 1
1.6288 1918000 0 0
1.6296 1858000 0 1
1.6296 1919000 0 0
1.6304 1859000 0 1
1.6304 1920000 0 0
1.6312 1860000 0 1
1.6312 1921000 0 0
1.632 1861000 0 1
1.632 1922000 0 0
1.6328 1862000 0 1
1.6328 1923000 0 0
1.6336 1863000 0 1
1.6336 1924000 0 0
1.6344 1864000 0 1
1.6344 1925000 0 0
1.6352 1865000 0 1
1.6352 1926000 0 0
1.636 1866000 0 1
1.636 1927000 0 0
1.6368 1867000 0 1
1.6368 1928000 0 0
1.6376 1868000 0 1
1.6376 1929000 0 0
1.6384 1869000 0 1
1.6384 1930000 0 0
1.6392 1870000 0 1
1.6392 1931000 0 0
1.64 1871000 0 1
1.64 1932000 0 0
1.6408 1872000 0 1
1.6408 1933000 0 0
1.6416 1873000 0 1
1.6416 1934000 0 0
1.6424 1874000 0 1
1.6424 1935000 0 0
1.6432 1875000 0 1
1.6432 1936000 0 0
1.644 1876000 0 1
1.644 1937000 0 0
1.6448 1877000 0 1
1.6448 1938000 0 0
1.6456 1878000 0 1
1.6456 1939000 0 0
1.6464 1879000 0 1
1.6464 1940000 0 0
1.6472 1880000 0 1
1.6472 1941000 0 0
1.648 1881000 0 1
1.648 1942000 0 0
1.6488 1882000 0 1
1.6488 1943000 0 0
1.6496 1883000 0 1
1.6496 1944000 0 0
1.6504 1884000 0 1
1.6504 1945000 0 0
1.6512 1885000 0 1
1.6512 1946000 0 0
1.652 1886000 0 1
1.652 1947000 0 0
1.652 1948000 0 0
1.6528 1887000 0 1
1.6528 1949000 0 0
1.6536 1888000 0 1
1.6536 1950000 0 0
1.6544 1889000 0 1
1.6544 1951000 0 0
1.6552 1890000 0 1
1.6552 1952000 0 0
1.656 1891000 0 1
1.656 1953000 0 0
1.6568 1892000 0 1
1.6568 1954000 0 0
1.6576 1893000 0 1
1.6576 1955000 0 0
1.6584 1894000 0 1
1.6584 1956000 0 0
1.6592 1895000 0 1
1.6592 1957000 0 0
1.66 1896000 0 1
1.66 1958000 0 0
1.6608 1897000 0 1
1.6608 1959000 0 0
1.6616 1898000 0 1
1.6616 1960000 0 0
1.6624 1899000 0 1
1.6624 1961000 0 0
1.6632 1900000 0 1
1.6632 1962000 0 0
1.664 1901000 0 1
1.664 1963000 0 0
1.6648 1902000 0 1
1.6648 1964000 0 0
1.6656 1903000 0 1
1.6656 1965000 0 0
1.6664 1904000 0 1
1.6664 1966000 0 0
1.6672 1905000 0 1
1.6672 1967000 0 0
1.668 1906000 0 1
1.668 1968000 0 0
1.6688 1907000 0 1
1.6688 1969000 0 0
1.6696 1908000 0 1
1.6696 1970000 0 0
1.6704 1909000 0 1
1.6704 1971000 0 0
1.6712 1910000 0 1
1.6712 1972000 0 0
1.672 1911000 0 1
1.672 1973000 0 0
1.6728 1912000 0 1
1.6728 1974000 0 0
1.6736 1913000 0 1
1.6736 1975000 0 0
1.6744 1914000 0 1
1.6744 1976000 0 0
1.6752 1915000 0 1
1.6752 1977000 0 0
1.676 1916000 0 1
1.676 1978000 0 0
1.6768 1917000 0 1
1.6768 1979000 0 0
1.6776 1918000 0 1
1.6776 1980000 0 0
1.6784 1919000 0 1
1.6784 1981000 0 0
1.6792 1920000 0 1
1.6792 1982000 0 0
1.68 1921000 0 1
1.68 1983000 0 0
1.6808 1922000 0 1
1.6808 1984000 0 0
1.6816 1923000 0 1
1.6816 1985000 0 0
1.6824 1924000 0 1
1.6824 1986000 0 0
1.6832 1925000 0 1
1.6832 1987000 0 0
1.684 1926000 0 1
1.684 1988000 0 0
1.6848 1927000 0 1
1.6848 1989000 0 0
1.6856 1928000 0 1
1.6856 1990000 0 0
1.6864 1929000 0 1
1.6864 1991000 0 0
1.6872 1930000 0 1
1.6872 1992000 0 0
1.688 1931000 0 1
1.688 1993000 0 0
1.6888 1932000 0 1
1.6888 1994000 0 0
1.6896 1933000 0 1
1.6896 1995000 0 0
1.6904 1934000 0 1
1.6904 1996000 0 0
1.6912 1935000 0 1
1.6912 1997000 0 0
1.692 1936000 0 1
1.692 1998000 0 0
1.6928 1937000 0 1
1.6928 1999000 0 0
1.6936 1938000 0 1
1.6936 2000000 0 0
1.6944 1939000 0 1
1.6944 2001000 0 0
1.6952 1940000 0 1
1.6952 2002000 0 0
1.696 1941000 0 1
1.696 2003000 0 0
1.6968 1942000 0 1
1.6968 2004000 0 0
1.6976 1943000 0 1
1.6976 2005000 0 0
1.6984 1944000 0 1
1.6984 2006000 0 0
1.6992 1945000 0 1
1.6992 2007000 0 0
1.7 1946000 0 1
1.7 2008000 0 0
1.7008 1947000 0 1
1.7008 2009000 0 0
1.7016 1948000 0 1
1.7016 2010000 0 0
1.7024 1949000 0 1
1.7024 2011000 0 0
1.7032 1950000 0 1
1.7032 2012000 0 0
1.704 1951000 0 1
1.704 2013000 0 0
1.7048 1952000 0 1
1.7048 2014000 0 0
1.7056 1953000 0 1
1.7056 2015000 0 0
1.7056 2016000 0 0
1.7064 1954000 0 1
1.7064 2017000 0 0
1.7072 1955000 0 1
1.7072 2018000 0 0
1.708 1956000 0 1
1.708 2019000 0 0
1.7088 1957000 0 1
1.7088 2020000 0 0
1.7096 1958000 0 1
1.7096 2021000 0 0
1.7104 1959000 0 1
1.7104 2022000 0 0
1.7112 1960000 0 1
1.7112 2023000 0 0
1.712 1961000 0 1
1.712 2024000 0 0
1.7128 1962000 0 1
1.7128 2025000 0 0
1.7136 1963000 0 1
1.7136 2026000 0 0
1.7144 1964000 0 1
1.7144 2027000 0 0
1.7152 1965000 0 1
1.7152 2028000 0 0
1.716 1966000 0 1
1.716 2029000 0 0
1.7168 1967000 0 1
1.7168 2030000 0 0
1.7176 1968000 0 1
1.7176 2031000 0 0
1.7184 1969000 0 1
1.7184 2032000 0 0
1.7192 1970000 0 1
1.7192 2033000 0 0
1.72 1971000 0 1
1.72 2034000 0 0
1.7208 1972000 0 1
1.7208 2035000 0 0
1.7216 1973000 0 1
1.7216 2036000 0 0
1.7224 1974000 0 1
1.7224 2037000 0 0
1.7232 1975000 0 1
1.7232 2038000 0 0
1.724 1976000 0 1
1.724 2039000 0 0
1.7248 1977000 0 1
1.7248 2040000 0 0
1.7256 1978000 0 1
1.7256 2041000 0 0
1.7264 1979000 0 1
1.7264 2042000 0 0
1.7272 1980000 0 1
1.7272 2043000 0 0
1.728 1981000 0 1
1.728 2044000 0 0
1.7288 1982000 0 1
1.7288 2045000 0 0
1.7296 1983000 0 1
1.7296 2046000 0 0
1.7304 1984000 0 1
1.7304 2047000 0 0
1.7312 1985000 0 1
1.7312 2048000 0 0
1.732 1986000 0 1
1.732 2049000 0 0
1.7328 1987000 0 1
1.7328 2050000 0 0
1.7336 1988000 0 1
1.7336 2051000 0 0
1.7344 1989000 0 1
1.7344 2052000 0 0
1.7352 1990000 0 1
1.7352 2053000 0 0
1.736 1991000 0 1
1.736 2054000 0 0
1.7368 1992000 0 1
1.7368 2055000 0 0
1.7376 1993000 0 1
1.7376 2056000 0 0
1.7384 1994000 0 1
1.7384 2057000 0 0
1.7392 1995000 0 1
1.7392 2058000 0 0
1.74 1996000 0 1
1.74 2059000 0 0
1.7408 1997000 0 1
1.7408 2060000 0 0
1.7416 1998000 0 1
1.7416 2061000 0 0
1.7424 1999000 0 1
1.7424 2062000 0 0
1.7432 2000000 0 1
1.7432 2063000 0 0
1.744 2001000 0 1
1.744 2064000 0 0
1.7448 2002000 0 1
1.7448 2065000 0 0
1.7456 2003000 0 1
1.7456 2066000 0 0
1.7464 2004000 0 1
1.7464 2067000 0 0
1.7472 2005000 0 1
1.7472 2068000 0 0
1.748 2006000 0 1
1.748 2069000 0 0
1.7488 2007000 0 1
1.7488 2070000 0 0
1.7496 2008000 0 1
1.7496 2071000 0 0
1.7504 2009000 0 1
1.7504 2072000 0 0
1.7512 2010000 0 1
1.7512 2073000 0 0
1.752 2011000 0 1
1.752 2074000 0 0
1.7528 2012000 0 1
1.7528 2075000 0 0
1.7536 2013000 0 1
1.7536 2076000 0 0
1.7544 2014000 0 1
1.7544 2077000 0 0
1.7552 2015000 0 1
1.7552 2078000 0 0
1.756 2016000 0 1
1.756 2079000 0 0
1.7568 2017000 0 1
1.7568 2080000 0 0
1.7576 2018000 0 1
1.7576 2081000 0 0
1.7584 2019000 0 1
1.7584 2082000 0 0
1.7584 2083000 0 0
1.7592 2020000 0 1
1.7592 2084000 0 0
1.76 2021000 0 1
1.76 2085000 0 0
1.7608 2022000 0 1
1.7608 2086000 0 0
1.7616 2023000 0 1
1.7616 2087000 0 0
1.7624 2024000 0 1
1.7624 2088000 0 0
1.7632 2025000 0 1
1.7632 2089000 0 0
1.764 2026000 0 1
1.764 2090000 0 0
1.7648 2027000 0 1
1.7648 2091000 0 0
1.7656 2028000 0 1
1.7656 2092000 0 0
1.7664 2029000 0 1
1.7664 2093000 0 0
1.7672 2030000 0 1
1.7672 2094000 0 0
1.768 2031000 0 1
1.768 2095000 0 0
1.7688 2032000 0 1
1.7688 2096000 0 0
1.7696 2033000 0 1
1.7696 2097000 0 0
1.7704 2034000 0 1
1.7704 2098000 0 0
1.7712 2035000 0 1
1.7712 2099000 0 0
1.772 2036000 0 1
1.772 2100000 0 0
1.7728 2037000 0 1
1.7728 2101000 0 0
1.7736 2038000 0 1
1.7736 2102000 0 0
1.7744 2039000 0 1
1.7744 2103000 0 0
1.7752 2040000 0 1
1.7752 2104000 0 0
1.776 2041000 0 1
1.776 2105000 0 0
1.7768 2042000 0 1
1.7768 2106000 0 0
1.7776 2043000 0 1
1.7776 2107000 0 0
1.7784 2044000 0 1
1.7784 2108000 0 0
1.7792 2045000 0 1
1.7792 2109000 0 0
1.78 2046000 0 1
1.78 2110000 0 0
1.7808 2047000 0 1
1.7808 2111000 0 0
1.7816 2048000 0 1
1.7816 2112000 0 0
1.7824 2049000 0 1
1.7824 2113000 0 0
1.7832 2050000 0 1
1.7832 2114000 0 0
1.784 2051000 0 1
1.784 2115000 0 0
1.7848 2052000 0 1
1.7848 2116000 0 0
1.7856 2053000 0 1
1.7856 2117000 0 0
1.7864 2054000 0 1
1.7864 2118000 0 0
1.7872 2055000 0 1
1.7872 2119000 0 0
1.788 2056000 0 1
1.788 2120000 0 0
1.7888 2057000 0 1
1.7888 2121000 0 0
1.7896 2058000 0 1
1.7896 2122000 0 0
1.7904 2059000 0 1
1.7904 2123000 0 0
1.7912 2060000 0 1
1.7912 2124000 0 0
1.792 2061000 0 1
1.792 2125000 0 0
1.7928 2062000 0 1
1.7928 2126000 0 0
1.7936 2063000 0 1
1.7936 2127000 0 0
1.7944 2064000 0 1
1.7944 2128000 0 0
1.7952 2065000 0 1
1.7952 2129000 0 0
1.796 2066000 0 1
1.796 2130000 0 0
1.7968 2067000 0 1
1.7968 2131000 0 0
1.7976 2068000 0 1
1.7976 2132000 0 0
1.7984 2069000 0 1
1.7984 2133000 0 0
1.7992 2070000 0 1
1.7992 2134000 0 0
1.8 2071000 0 1
1.8 2135000 0 0
1.8008 2072000 0 1
1.8008 2136000 0 0
1.8016 2073000 0 1
1.8016 2137000 0 0
1.8024 2074000 0 1
1.8024 2138000 0 0
1.8032 2075000 0 1
1.8032 2139000 0 0
1.804 2076000 0 1
1.804 2140000 0 0
1.8048 2077000 0 1
1.8048 2141000 0 0
1.8056 2078000 0 1
1.8056 2142000 0 0
1.8064 2079000 0 1
1.8064 2143000 0 0
1.8072 2080000 0 1
1.8072 2144000 0 0
1.808 2081000 0 1
1.808 2145000 0 0
1.8088 2082000 0 1
1.8088 2146000 0 0
1.8096 2083000 0 1
1.8096 2147000 0 0
1.8104 2084000 0 1
1.8104 2148000 0 0
1.8112 2085000 0 1
1.8112 2149000 0 0
1.812 2086000 0 1
1.812 2150000 0 0
1.812 2151000 0 0
1.8128 2087000 0 1
1.8128 2152000 0 0
1.8136 2088000 0 1
1.8136 2153000 0 0
1.8144 2089000 0 1
1.8144 2154000 0 0
1.8152 2090000 0 1
1.8152 2155000 0 0
1.816 2091000 0 1
1.816 2156000 0 0
1.8168 2092000 0 1
1.8168 2157000 0 0
1.8176 2093000 0 1
1.8176 2158000 0 0
1.8184 2094000 0 1
1.8184 2159000 0 0
1.8192 2095000 0 1
1.8192 2160000 0 0
1.82 2096000 0 1
1.82 2161000 0 0
1.8208 2097000 0 1
1.8208 2162000 0 0
1.8216 2098000 0 1
1.8216 2163000 0 0
1.8224 2099000 0 1
1.8224 2164000 0 0
1.8232 2100000 0 1
1.8232 2165000 0 0
1.824 2101000 0 1
1.824 2166000 0 0
1.8248 2102000 0 1
1.8248 2167000 0 0
1.8256 2103000 0 1
1.8256 2168000 0 0
1.8264 2104000 0 1
1.8264 2169000 0 0
1.8272 2105000 0 1
1.8272 2170000 0 0
1.828 2106000 0 1
1.828 2171000 0 0
1.8288 2107000 0 1
1.8288 2172000 0 0
1.8296 2108000 0 1
1.8296 2173000 0 0
1.8304 2109000 0 1
1.8304 2174000 0 0
1.8312 2110000 0 1
1.8312 2175000 0 0
1.832 2111000 0 1
1.832 2176000 0 0
1.8328 2112000 0 1
1.8328 2177000 0 0
1.8336 2113000 0 1
1.8336 2178000 0 0
1.8344 2114000 0 1
1.8344 2179000 0 0
1.8352 2115000 0 1
1.8352 2180000 0 0
1.836 2116000 0 1
1.836 2181000 0 0
1.8368 2117000 0 1
1.8368 2182000 0 0
1.8376 2118000 0 1
1.8376 2183000 0 0
1.8384 2119000 0 1
1.8384 2184000 0 0
1.8392 2120000 0 1
1.8392 2185000 0 0
1.84 2121000 0 1
1.84 2186000 0 0
1.8408 2122000 0 1
1.8408 2187000 0 0
1.8416 2123000 0 1
1.8416 2188000 0 0
1.8424 2124000 0 1
1.8424 2189000 0 0
1.8432 2125000 0 1
1.8432 2190000 0 0
1.844 2126000 0 1
1.844 2191000 0 0
1.8448 2127000 0 1
1.8448 2192000 0 0
1.8456 2128000 0 1
1.8456 2193000 0 0
1.8464 2129000 0 1
1.8464 2194000 0 0
1.8472 2130000 0 1
1.8472 2195000 0 0
1.848 2131000 0 1
1.848 2196000 0 0
1.8488 2132000 0 1
1.8488 2197000 0 0
1.8496 2133000 0 1
1.8496 2198000 0 0
1.8504 2134000 0 1
1.8504 2199000 0 0
1.8512 2135000 0 1
1.8512 2200000 0 0
1.852 2136000 0 1
1.852 2201000 0 0
1.8528 2137000 0 1
1.8528 2202000 0 0
1.8536 2138000 0 1
1.8536 2203000 0 0
1.8544 2139000 0 1
1.8544 2204000 0 0
1.8552 2140000 0 1
1.8552 2205000 0 0
1.856 2141000 0 1
1.856 2206000 0 0
1.8568 2142000 0 1
1.8568 2207000 0 0
1.8576 2143000 0 1
1.8576 2208000 0 0
1.8584 2144000 0 1
1.8584 2209000 0 0
1.8592 2145000 0 1
1.8592 2210000 0 0
1.86 2146000 0 1
1.86 2211000 0 0
1.8608 2147000 0 1
1.8608 2212000 0 0
1.8616 2148000 0 1
1.8616 2213000 0 0
1.8624 2149000 0 1
1.8624 2214000 0 0
1.8632 2150000 0 1
1.8632 2215000 0 0
1.864 2151000 0 1
1.864 2216000 0 0
1.8648 2152000 0 1
1.8648 2217000 0 0
1.8656 2153000 0 1
1.8656 2218000 0 0
1.8656 2219000 0 0
1.8664 2154000 0 1
1.8664 2220000 0 0
1.8672 2155000 0 1
1.8672 2221000 0 0
1.868 2156000 0 1
1.868 2222000 0 0
1.8688 2157000 0 1
1.8688 2223000 0 0
1.8696 2158000 0 1
1.8696 2224000 0 0
1.8704 2159000 0 1
1.8704 2225000 0 0
1.8712 2160000 0 1
1.8712 2226000 0 0
1.872 2161000 0 1
1.872 2227000 0 0
1.8728 2162000 0 1
1.8728 2228000 0 0
1.8736 2163000 0 1
1.8736 2229000 0 0
1.8744 2164000 0 1
1.8744 2230000 0 0
1.8752 2165000 0 1
1.8752 2231000 0 0
1.876 2166000 0 1
1.876 2232000 0 0
1.8768 2167000 0 1
1.8768 2233000 0 0
1.8776 2168000 0 1
1.8776 2234000 0 0
1.8784 2169000 0 1
1.8784 2235000 0 0
1.8792 2170000 0 1
1.8792 2236000 0 0
1.88 2171000 0 1
1.88 2237000 0 0
1.8808 2172000 0 1
1.8808 2238000 0 0
1.8816 2173000 0 1
1.8816 2239000 0 0
1.8824 2174000 0 1
1.8824 2240000 0 0
1.8832 2175000 0 1
1.8832 2241000 0 0
1.884 2176000 0 1
1.884 2242000 0 0
1.8848 2177000 0 1
1.8848 2243000 0 0
1.8856 2178000 0 1
1.8856 2244000 0 0
1.8864 2179000 0 1
1.8864 2245000 0 0
1.8872 2180000 0 1
1.8872 2246000 0 0
1.888 2181000 0 1
1.888 2247000 0 0
1.8888 2182000 0 1
1.8888 2248000 0 0
1.8896 2183000 0 1
1.8896 2249000 0 0
1.8904 2184000 0 1
1.8904 2250000 0 0
1.8912 2185000 0 1
1.8912 2251000 0 0
1.892 2186000 0 1
1.892 2252000 0 0
1.8928 2187000 0 1
1.8928 2253000 0 0
1.8936 2188000 0 1
1.8936 2254000 0 0
1.8944 2189000 0 1
1.8944 2255000 0 0
1.8952 2190000 0 1
1.8952 2256000 0 0
1.896 2191000 0 1
1.896 2257000 0 0
1.8968 2192000 0 1
1.8968 2258000 0 0
1.8976 2193000 0 1
1.8976 2259000 0 0
1.8984 2194000 0 1
1.8984 2260000 0 0
1.8992 2195000 0 1
1.8992 2261000 0 0
1.9 2196000 0 1
1.9 2262000 0 0
1.9008 2197000 0 1
1.9008 2263000 0 0
1.9016 2198000 0 1
1.9016 2264000 0 0
1.9024 2199000 0 1
1.9024 2265000 0 0
1.9032 2200000 0 1
1.9032 2266000 0 0
1.904 2201000 0 1
1.904 2267000 0 0
1.9048 2202000 0 1
1.9048 2268000 0 0
1.9056 2203000 0 1
1.9056 2269000 0 0
1.9064 2204000 0 1
1.9064 2270000 0 0
1.9072 2205000 0 1
1.9072 2271000 0 0
1.908 2206000 0 1
1.908 2272000 0 0
1.9088 2207000 0 1
1.9088 2273000 0 0
1.9096 2208000 0 1
1.9096 2274000 0 0
1.9104 2209000 0 1
1.9104 2275000 0 0
1.9112 2210000 0 1
1.9112 2276000 0 0
1.912 2211000 0 1
1.912 2277000 0 0
1.9128 2212000 0 1
1.9128 2278000 0 0
1.9136 2213000 0 1
1.9136 2279000 0 0
1.9144 2214000 0 1
1.9144 2280000 0 0
1.9152 2215000 0 1
1.9152 2281000 0 0
1.916 2216000 0 1
1.916 2282000 0 0
1.9168 2217000 0 1
1.9168 2283000 0 0
1.9176 2218000 0 1
1.9176 2284000 0 0
1.9184 2219000 0 1
1.9184 2285000 0 0
1.9192 2220000 0 1
1.9192 2286000 0 0
1.92 2221000 0 1
1.92 2287000 0 0
1.9208 2222000 0 1
1.9208 2288000 0 0
1.9216 2223000 0 1
1.9216 2289000 0 0
1.9224 2224000 0 1
1.9224 2290000 0 0
1.9224 2291000 0 0
1.9232 2225000 0 1
1.9232 2292000 0 0
1.924 2226000 0 1
1.924 2293000 0 0
1.9248 2227000 0 1
1.9248 2294000 0 0
1.9256 2228000 0 1
1.9256 2295000 0 0
1.9264 2229000 0 1
1.9264 2296000 0 0
1.9272 2230000 0 1
1.9272 2297000 0 0
1.928 2231000 0 1
1.928 2298000 0 0
1.9288 2232000 0 1
1.9288 2299000 0 0
1.9296 2233000 0 1
1.9296 2300000 0 0
1.9304 2234000 0 1
1.9304 2301000 0 0
1.9312 2235000 0 1
1.9312 2302000 0 0
1.932 2236000 0 1
1.932 2303000 0 0
1.9328 2237000 0 1
1.9328 2304000 0 0
1.9336 2238000 0 1
1.9336 2305000 0 0
1.9344 2239000 0 1
1.9344 2306000 0 0
1.9352 2240000 0 1
1.9352 2307000 0 0
1.936 2241000 0 1
1.936 2308000 0 0
1.9368 2242000 0 1
1.9368 2309000 0 0
1.9376 2243000 0 1
1.9376 2310000 0 0
1.9384 2244000 0 1
1.9384 2311000 0 0
1.9392 2245000 0 1
1.9392 2312000 0 0
1.94 2246000 0 1
1.94 2313000 0 0
1.9408 2247000 0 1
1.9408 2314000 0 0
1.9416 2248000 0 1
1.9416 2315000 0 0
1.9424 2249000 0 1
1.9424 2316000 0 0
1.9432 2250000 0 1
1.9432 2317000 0 0
1.944 2251000 0 1
1.944 2318000 0 0
1.9448 2252000 0 1
1.9448 2319000 0 0
1.9456 2253000 0 1
1.9456 2320000 0 0
1.9464 2254000 0 1
1.9464 2321000 0 0
1.9472 2255000 0 1
1.9472 2322000 0 0
1.948 2256000 0 1
1.948 2323000 0 0
1.9488 2257000 0 1
1.9488 2324000 0 0
1.9496 2258000 0 1
1.9496 2325000 0 0
1.9504 2259000 0 1
1.9504 2326000 0 0
1.9512 2260000 0 1
1.9512 2327000 0 0
1.952 2261000 0 1
1.952 2328000 0 0
1.9528 2262000 0 1
1.9528 2329000 0 0
1.9536 2263000 0 1
1.9536 2330000 0 0
1.9544 2264000 0 1
1.9544 2331000 0 0
1.9552 2265000 0 1
1.9552 2332000 0 0
1.956 2266000 0 1
1.956 2333000 0 0
1.9568 2267000 0 1
1.9568 2334000 0 0
1.9576 2268000 0 1
1.9576 2335000 0 0
1.9584 2269000 0 1
1.9584 2336000 0 0
1.9592 2270000 0 1
1.9592 2337000 0 0
1.96 2271000 0 1
1.96 2338000 0 0
1.9608 2272000 0 1
1.9608 2339000 0 0
1.9616 2273000 0 1
1.9616 2340000 0 0
1.9624 2274000 0 1
1.9624 2341000 0 0
1.9632 2275000 0 1
1.9632 2342000 0 0
1.964 2276000 0 1
1.964 2343000 0 0
1.9648 2277000 0 1
1.9648 2344000 0 0
1.9656 2278000 0 1
1.9656 2345000 0 0
1.9664 2279000 0 1
1.9664 2346000 0 0
1.9672 2280000 0 1
1.9672 2347000 0 0
1.968 2281000 0 1
1.968 2348000 0 0
1.9688 2282000 0 1
1.9688 2349000 0 0
1.9696 2283000 0 1
1.9696 2350000 0 0
1.9704 2284000 0 1
1.9704 2351000 0 0
1.9712 2285000 0 1
1.9712 2352000 0 0
1.972 2286000 0 1
1.972 2353000 0 0
1.9728 2287000 0 1
1.9728 2354000 0 0
1.9736 2288000 0 1
1.9736 2355000 0 0
1.9744 2289000 0 1
1.9744 2356000 0 0
1.9752 2290000 0 1
1.9752 2357000 0 0
1.976 2291000 0 1
1.976 2358000 0 0
1.9768 2292000 0 1
1.9768 2359000 0 0
1.9776 2293000 0 1
1.9776 2360000 0 0
1.9784 2294000 0 1
1.9784 2361000 0 0
1.9792 2295000 0 1
1.9792 2362000 0 0
1.9792 2363000 0 0
1.98 2296000 0 1
1.98 2364000 0 0
1.9808 2297000 0 1
1.9808 2365000 0 0
1.9816 2298000 0 1
1.9816 2366000 0 0
1.9824 2299000 0 1
1.9824 2367000 0 0
1.9832 2300000 0 1
1.9832 2368000 0 0
1.984 2301000 0 1
1.984 2369000 0 0
1.9848 2302000 0 1
1.9848 2370000 0 0
1.9856 2303000 0 1
1.9856 2371000 0 0
1.9864 2304000 0 1
1.9864 2372000 0 0
1.9872 2305000 0 1
1.9872 2373000 0 0
1.988 2306000 0 1
1.988 2374000 0 0
1.9888 2307000 0 1
1.9888 2375000 0 0
1.9896 2308000 0 1
1.9896 2376000 0 0
1.9904 2309000 0 1
1.9904 2377000 0 0
1.9912 2310000 0 1
1.9912 2378000 0 0
1.992 2311000 0 1
1.992 2379000 0 0
1.9928 2312000 0 1
1.9928 2380000 0 0
1.9936 2313000 0 1
1.9936 2381000 0 0
1.9944 2314000 0 1
1.9944 2382000 0 0
1.9952 2315000 0 1
1.9952 2383000 0 0
1.996 2316000 0 1
1.996 2384000 0 0
1.9968 2317000 0 1
1.9968 2385000 0 0
1.9976 2318000 0 1
1.9976 2386000 0 0
1.9984 2319000 0 1
1.9984 2387000 0 0
1.9992 2320000 0 1
1.9992 2388000 0 0
2.0 2321000 0 1
2.0 2389000 0 0
2.0008 2322000 0 1
2.0008 2390000 0 0
2.0016 2323000 0 1
2.0016 2391000 0 0
2.0024 2324000 0 1
2.0024 2392000 0 0
2.0032 2325000 0 1
2.0032 2393000 0 0
2.004 2326000 0 1
2.004 2394000 0 0
2.0048 2327000 0 1
2.0048 2395000 0 0
2.0056 2328000 0 1
2.0056 2396000 0 0
2.0064 2329000 0 1
2.0064 2397000 0 0
2.0072 2330000 0 1
2.0072 2398000 0 0
2.008 2331000 0 1
2.008 2399000 0 0
2.0088 2332000 0 1
2.0088 2400000 0 0
2.0096 2333000 0 1
2.0096 2401000 0 0
2.0104 2334000 0 1
2.0104 2402000 0 0
2.0112 2335000 0 1
2.0112 2403000 0 0
2.012 2336000 0 1
2.012 2404000 0 0
2.0128 2337000 0 1
2.0128 2405000 0 0
2.0136 2338000 0 1
2.0136 2406000 0 0
2.0144 2339000 0 1
2.0144 2407000 0 0
2.0152 2340000 0 1
2.0152 2408000 0 0
2.016 2341000 0 1
2.016 2409000 0 0
2.0168 2342000 0 1
2.0168 2410000 0 0
2.0176 2343000 0 1
2.0176 2411000 0 0
2.0184 2344000 0 1
2.0184 2412000 0 0
2.0192 2345000 0 1
2.0192 2413000 0 0
2.02 2346000 0 1
2.02 2414000 0 0
2.0208 2347000 0 1
2.0208 2415000 0 0
2.0216 2348000 0 1
2.0216 2416000 0 0
2.0224 2349000 0 1
2.0224 2417000 0 0
2.0232 2350000 0 1
2.0232 2418000 0 0
2.024 2351000 0 1
2.024 2419000 0 0
2.0248 2352000 0 1
2.0248 2420000 0 0
2.0256 2353000 0 1
2.0256 2421000 0 0
2.0264 2354000 0 1
2.0264 2422000 0 0
2.0272 2355000 0 1
2.0272 2423000 0 0
2.028 2356000 0 1
2.028 2424000 0 0
2.0288 2357000 0 1
2.0288 2425000 0 0
2.0296 2358000 0 1
2.0296 2426000 0 0
2.0304 2359000 0 1
2.0304 2427000 0 0
2.0312 2360000 0 1
2.0312 2428000 0 0
2.032 2361000 0 1
2.032 2429000 0 0
2.0328 2362000 0 1
2.0328 2430000 0 0
2.0336 2363000 0 1
2.0336 2431000 0 0
2.0344 2364000 0 1
2.0344 2432000 0 0
2.0352 2365000 0 1
2.0352 2433000 0 0
2.036 2366000 0 1
2.036 2434000 0 0
2.0368 2367000 0 1
2.0368 2435000 0 0
2.0368 2436000 0 0
2.0376 2368000 0 1
2.0376 2437000 0 0
2.0384 2369000 0 1
2.0384 2438000 0 0
2.0392 2370000 0 1
2.0392 2439000 0 0
2.04 2371000 0 1
2.04 2440000 0 0
2.0408 2372000 0 1
2.0408 2441000 0 0
2.0416 2373000 0 1
2.0416 2442000 0 0
2.0424 2374000 0 1
2.0424 2443000 0 0
2.0432 2375000 0 1
2.0432 2444000 0 0
2.044 2376000 0 1
2.044 2445000 0 0
2.0448 2377000 0 1
2.0448 2446000 0 0
2.0456 2378000 0 1
2.0456 2447000 0 0
2.0464 2379000 0 1
2.0464 2448000 0 0
2.0472 2380000 0 1
2.0472 2449000 0 0
2.048 2381000 0 1
2.048 2450000 0 0
2.0488 2382000 0 1
2.0488 2451000 0 0
2.0496 2383000 0 1
2.0496 2452000 0 0
2.0504 2384000 0 1
2.0504 2453000 0 0
2.0512 2385000 0 1
2.0512 2454000 0 0
2.052 2386000 0 1
2.052 2455000 0 0
2.0528 2387000 0 1
2.0528 2456000 0 0
2.0536 2388000 0 1
2.0536 2457000 0 0
2.0544 2389000 0 1
2.0544 2458000 0 0
2.0552 2390000 0 1
2.0552 2459000 0 0
2.056 2391000 0 1
2.056 2460000 0 0
2.0568 2392000 0 1
2.0568 2461000 0 0
2.0576 2393000 0 1
2.0576 2462000 0 0
2.0584 2394000 0 1
2.0584 2463000 0 0
2.0592 2395000 0 1
2.0592 2464000 0 0
2.06 2396000 0 1
2.06 2465000 0 0
2.0608 2397000 0 1
2.0608 2466000 0 0
2.0616 2398000 0 1
2.0616 2467000 0 0
2.0624 2399000 0 1
2.0624 2468000 0 0
2.0632 2400000 0 1
2.0632 2469000 0 0
2.064 2401000 0 1
2.064 2470000 0 0
2.0648 2402000 0 1
2.0648 2471000 0 0
2.0656 2403000 0 1
2.0656 2472000 0 0
2.0664 2404000 0 1
2.0664 2473000 0 0
2.0672 2405000 0 1
2.0672 2474000 0 0
2.068 2406000 0 1
2.068 2475000 0 0
2.0688 2407000 0 1
2.0688 2476000 0 0
2.0696 2408000 0 1
2.0696 2477000 0 0
2.0704 2409000 0 1
2.0704 2478000 0 0
2.0712 2410000 0 1
2.0712 2479000 0 0
2.072 2411000 0 1
2.072 2480000 0 0
2.0728 2412000 0 1
2.0728 2481000 0 0
2.0736 2413000 0 1
2.0736 2482000 0 0
2.0744 2414000 0 1
2.0744 2483000 0 0
2.0752 2415000 0 1
2.0752 2484000 0 0
2.076 2416000 0 1
2.076 2485000 0 0
2.0768 2417000 0 1
2.0768 2486000 0 0
2.0776 2418000 0 1
2.0776 2487000 0 0
2.0784 2419000 0 1
2.0784 2488000 0 0
2.0792 2420000 0 1
2.0792 2489000 0 0
2.08 2421000 0 1
2.08 2490000 0 0
2.0808 2422000 0 1
2.0808 2491000 0 0
2.0816 2423000 0 1
2.0816 2492000 0 0
2.0824 2424000 0 1
2.0824 2493000 0 0
2.0832 2425000 0 1
2.0832 2494000 0 0
2.084 2426000 0 1
2.084 2495000 0 0
2.0848 2427000 0 1
2.0848 2496000 0 0
2.0856 2428000 0 1
2.0856 2497000 0 0
2.0864 2429000 0 1
2.0864 2498000 0 0
2.0872 2430000 0 1
2.0872 2499000 0 0
2.088 2431000 0 1
2.088 2500000 0 0
2.0888 2432000 0 1
2.0888 2501000 0 0
2.0896 2433000 0 1
2.0896 2502000 0 0
2.0904 2434000 0 1
2.0904 2503000 0 0
2.0912 2435000 0 1
2.0912 2504000 0 0
2.092 2436000 0 1
2.092 2505000 0 0
2.0928 2437000 0 1
2.0928 2506000 0 0
2.0936 2438000 0 1
2.0936 2507000 0 0
2.0936 2508000 0 0
2.0944 2439000 0 1
2.0944 2509000 0 0
2.0952 2440000 0 1
2.0952 2510000 0 0
2.096 2441000 0 1
2.096 2511000 0 0
2.0968 2442000 0 1
2.0968 2512000 0 0
2.0976 2443000 0 1
2.0976 2513000 0 0
2.0984 2444000 0 1
2.0984 2514000 0 0
2.0992 2445000 0 1
2.0992 2515000 0 0
2.1 2446000 0 1
2.1 2516000 0 0
2.1008 2447000 0 1
2.1008 2517000 0 0
2.1016 2448000 0 1
2.1016 2518000 0 0
2.1024 2449000 0 1
2.1024 2519000 0 0
2.1032 2450000 0 1
2.1032 2520000 0 0
2.104 2451000 0 1
2.104 2521000 0 0
2.1048 2452000 0 1
2.1048 2522000 0 0
2.1056 2453000 0 1
2.1056 2523000 0 0
2.1064 2454000 0 1
2.1064 2524000 0 0
2.1072 2455000 0 1
2.1072 2525000 0 0
2.108 2456000 0 1
2.108 2526000 0 0
2.1088 2457000 0 1
2.1088 2527000 0 0
2.1096 2458000 0 1
2.1096 2528000 0 0
2.1104 2459000 0 1
2.1104 2529000 0 0
2.1112 2460000 0 1
2.1112 2530000 0 0
2.112 2461000 0 1
2.112 2531000 0 0
2.1128 2462000 0 1
2.1128 2532000 0 0
2.1136 2463000 0 1
2.1136 2533000 0 0
2.1144 2464000 0 1
2.1144 2534000 0 0
2.1152 2465000 0 1
2.1152 2535000 0 0
2.116 2466000 0 1
2.116 2536000 0 0
2.1168 2467000 0 1
2.1168 2537000 0 0
2.1176 2468000 0 1
2.1176 2538000 0 0
2.1184 2469000 0 1
2.1184 2539000 0 0
2.1192 2470000 0 1
2.1192 2540000 0 0
2.12 2471000 0 1
2.12 2541000 0 0
2.1208 2472000 0 1
2.1208 2542000 0 0
2.1216 2473000 0 1
2.1216 2543000 0 0
2.1224 2474000 0 1
2.1224 2544000 0 0
2.1232 2475000 0 1
2.1232 2545000 0 0
2.124 2476000 0 1
2.124 2546000 0 0
2.1248 2477000 0 1
2.1248 2547000 0 0
2.1256 2478000 0 1
2.1256 2548000 0 0
2.1264 2479000 0 1
2.1264 2549000 0 0
2.1272 2480000 0 1
2.1272 2550000 0 0
2.128 2481000 0 1
2.128 2551000 0 0
2.1288 2482000 0 1
2.1288 2552000 0 0
2.1296 2483000 0 1
2.1296 2553000 0 0
2.1304 2484000 0 1
2.1304 2554000 0 0
2.1312 2485000 0 1
2.1312 2555000 0 0
2.132 2486000 0 1
2.132 2556000 0 0
2.1328 2487000 0 1
2.1328 2557000 0 0
2.1336 2488000 0 1
2.1336 2558000 0 0
2.1344 2489000 0 1
2.1344 2559000 0 0
2.1352 2490000 0 1
2.1352 2560000 0 0
2.136 2491000 0 1
2.136 2561000 0 0
2.1368 2492000 0 1
2.1368 2562000 0 0
2.1376 2493000 0 1
2.1376 2563000 0 0
2.1384 2494000 0 1
2.1384 2564000 0 0
2.1392 2495000 0 1
2.1392 2565000 0 0
2.14 2496000 0 1
2.14 2566000 0 0
2.1408 2497000 0 1
2.1408 2567000 0 0
2.1416 2498000 0 1
2.1416 2568000 0 0
2.1424 2499000 0 1
2.1424 2569000 0 0
2.1432 2500000 0 1
2.1432 2570000 0 0
2.144 2501000 0 1
2.144 2571000 0 0
2.1448 2502000 0 1
2.1448 2572000 0 0
2.1456 2503000 0 1
2.1456 2573000 0 0
2.1464 2504000 0 1
2.1464 2574000 0 0
2.1472 2505000 0 1
2.1472 2575000 0 0
2.148 2506000 0 1
2.148 2576000 0 0
2.1488 2507000 0 1
2.1488 2577000 0 0
2.1496 2508000 0 1
2.1496 2578000 0 0
2.1504 2509000 0 1
2.1504 2579000 0 0
2.1512 2510000 0 1
2.1512 2580000 0 0
2.1512 2581000 0 0
2.152 2511000 0 1
2.152 2582000 0 0
2.1528 2512000 0 1
2.1528 2583000 0 0
2.1536 2513000 0 1
2.1536 2584000 0 0
2.1544 2514000 0 1
2.1544 2585000 0 0
2.1552 2515000 0 1
2.1552 2586000 0 0
2.156 2516000 0 1
2.156 2587000 0 0
2.1568 2517000 0 1
2.1568 2588000 0 0
2.1576 2518000 0 1
2.1576 2589000 0 0
2.1584 2519000 0 1
2.1584 2590000 0 0
2.1592 2520000 0 1
2.1592 2591000 0 0
2.16 2521000 0 1
2.16 2592000 0 0
2.1608 2522000 0 1
2.1608 2593000 0 0
2.1616 2523000 0 1
2.1616 2594000 0 0
2.1624 2524000 0 1
2.1624 2595000 0 0
2.1632 2525000 0 1
2.1632 2596000 0 0
2.164 2526000 0 1
2.164 2597000 0 0
2.1648 2527000 0 1
2.1648 2598000 0 0
2.1656 2528000 0 1
2.1656 2599000 0 0
2.1664 2529000 0 1
2.1664 2600000 0 0
2.1672 2530000 0 1
2.1672 2601000 0 0
2.168 2531000 0 1
2.168 2602000 0 0
2.1688 2532000 0 1
2.1688 2603000 0 0
2.1696 2533000 0 1
2.1696 2604000 0 0
2.1704 2534000 0 1
2.1704 2605000 0 0
2.1712 2535000 0 1
2.1712 2606000 0 0
2.172 2536000 0 1
2.172 2607000 0 0
2.1728 2537000 0 1
2.1728 2608000 0 0
2.1736 2538000 0 1
2.1736 2609000 0 0
2.1744 2539000 0 1
2.1744 2610000 0 0
2.1752 2540000 0 1
2.1752 2611000 0 0
2.176 2541000 0 1
2.176 2612000 0 0
2.1768 2542000 0 1
2.1768 2613000 0 0
2.1776 2543000 0 1
2.1776 2614000 0 0
2.1784 2544000 0 1
2.1784 2615000 0 0
2.1792 2545000 0 1
2.1792 2616000 0 0
2.18 2546000 0 1
2.18 2617000 0 0
2.1808 2547000 0 1
2.1808 2618000 0 0
2.1816 2548000 0 1
2.1816 2619000 0 0
2.1824 2549000 0 1
2.1824 2620000 0 0
2.1832 2550000 0 1
2.1832 2621000 0 0
2.184 2551000 0 1
2.184 2622000 0 0
2.1848 2552000 0 1
2.1848 2623000 0 0
2.1856 2553000 0 1
2.1856 2624000 0 0
2.1864 2554000 0 1
2.1864 2625000 0 0
2.1872 2555000 0 1
2.1872 2626000 0 0
2.188 2556000 0 1
2.188 2627000 0 0
2.1888 2557000 0 1
2.1888 2628000 0 0
2.1896 2558000 0 1
2.1896 2629000 0 0
2.1904 2559000 0 1
2.1904 2630000 0 0
2.1912 2560000 0 1
2.1912 2631000 0 0
2.192 2561000 0 1
2.192 2632000 0 0
2.1928 2562000 0 1
2.1928 2633000 0 0
2.1936 2563000 0 1
2.1936 2634000 0 0
2.1944 2564000 0 1
2.1944 2635000 0 0
2.1952 2565000 0 1
2.196 2566000 0 1
2.1968 2567000 0 1
2.1976 2568000 0 1
2.1984 2569000 0 1
2.1992 2570000 0 1
2.2 2571000 0 1
2.2008 2572000 0 1
2.2016 2573000 0 1
2.2024 2574000 0 1
2.2032 2575000 0 1
2.204 2576000 0 1
2.2048 2577000 0 1
2.2056 2578000 0 1
2.2064 2579000 0 1
2.2072 2580000 0 1
2.208 2581000 0 1
2.2088 2582000 0 1
2.2096 2583000 0 1
2.2104 2584000 0 1
2.2112 2585000 0 1
2.212 2586000 0 1
2.2128 2587000 0 1
2.2136 2588000 0 1
2.2144 2589000 0 1
2.2152 2590000 0 1
2.216 2591000 0 1
2.2168 2592000 0 1
2.2176 2593000 0 1
2.2184 2594000 0 1
2.2192 2595000 0 1
2.22 2596000 0 1
2.2208 2597000 0 1
2.2216 2598000 0 1
2.2224 2599000 0 1
2.2232 2600000 0 1
2.224 2601000 0 1
2.2248 2602000 0 1
2.2256 2603000 0 1
2.2264 2604000 0 1
2.2272 2605000 0 1
2.228 2606000 0 1
2.2288 2607000 0 1
2.2296 2608000 0 1
2.2304 2609000 0 1
2.2312 2610000 0 1
2.232 2611000 0 1
2.2328 2612000 0 1
2.2336 2613000 0 1
2.2344 2614000 0 1
2.2352 2615000 0 1
2.236 2616000 0 1
2.2368 2617000 0 1
2.2376 2618000 0 1
2.2384 2619000 0 1
2.2392 2620000 0 1
2.24 2621000 0 1
2.2408 2622000 0 1
2.2416 2623000 0 1
2.2424 2624000 0 1
2.2432 2625000 0 1
2.244 2626000 0 1
2.2448 2627000 0 1
2.2456 2628000 0 1
2.2464 2629000 0 1
2.2472 2630000 0 1
2.248 2631000 0 1
2.2488 2632000 0 1
2.2496 2633000 0 1
2.2504 2634000 0 1
2.2512 2635000 0 1

# File transfer correct!
